1.000000000000000178e+01 1.000000000000000178e+01 1.000000000000000178e+01
9.891768923121311730e+00 9.622846897331481131e+00 9.746363473258201182e+00
9.485791798258564000e+00 9.116060521186941656e+00 9.450151227107021157e+00
9.370565477680081301e+00 8.983198783491845418e+00 9.422857270937301521e+00
9.228300754077690016e+00 8.509305028987606434e+00 9.167717476960621781e+00
8.842016675732418562e+00 8.376567010170926864e+00 9.052102352155424470e+00
8.648938206804039908e+00 8.396095534142155259e+00 9.057067822047505601e+00
9.058700353055570531e+00 8.412386604576310489e+00 9.046496031133488103e+00
8.199913711635041125e+00 7.907719771825781230e+00 8.734781488275061179e+00
7.936815716437659596e+00 7.570524180571996276e+00 8.521220559790689819e+00
7.242802211872843010e+00 7.270576751448177610e+00 8.344680576131876748e+00
7.928268516773769647e+00 7.497399176660936249e+00 8.525309556876683459e+00
8.113143523054379358e+00 7.491886815953522571e+00 8.496433376492040779e+00
8.006612509895697727e+00 7.588006181062405098e+00 8.505274544011436788e+00
8.140775893660944007e+00 7.728990294109615355e+00 8.537967969399664625e+00
7.572856437575515187e+00 7.675943724419043157e+00 8.520734026597775568e+00
7.292120262247465234e+00 7.619606126354311115e+00 8.552403142597153618e+00
7.851904300439382922e+00 7.860923209206797324e+00 8.755909612582708945e+00
7.280889410332941125e+00 7.767218874296200504e+00 8.741023510987126599e+00
7.598902499027917479e+00 7.772649279716849158e+00 8.719310282873541595e+00
7.679732202166779764e+00 7.605827415762504984e+00 8.515263581166932383e+00
7.586109928850993001e+00 7.768930267328405748e+00 8.617613111806464943e+00
7.168347363917974668e+00 7.606718094015179510e+00 8.589175660876216867e+00
7.842947057917750264e+00 7.723835464804131412e+00 8.649626500285830133e+00
8.099161286005731597e+00 7.575244202931715520e+00 8.609556776966972080e+00
8.555533912152256448e+00 7.826029680453238768e+00 8.727201609072722022e+00
8.062914004734153650e+00 7.883034673942379555e+00 8.795951799966585938e+00
8.187613291938580673e+00 8.084972934207966588e+00 8.975465251126450994e+00
8.053835803733340626e+00 7.803071048018209943e+00 8.793700861372251154e+00
8.172566436644080667e+00 7.882638341622837608e+00 8.951814160495786155e+00
7.767416306670102522e+00 7.809871433892559445e+00 8.970637988949176744e+00
8.051427480338082532e+00 7.310726054532513452e+00 8.593447403182935318e+00
8.209412530048670220e+00 7.333369366343791107e+00 8.720437604040061075e+00
8.176256033911377230e+00 7.049486183769444914e+00 8.526341521203548268e+00
8.723175424797302568e+00 6.885829651772016113e+00 8.378490487755362537e+00
9.330016093454904791e+00 6.960873395820592613e+00 8.476354943455529423e+00
8.498737933722624760e+00 7.233468658638441795e+00 8.602964229766886461e+00
8.115446846819780902e+00 7.116469456095761537e+00 8.517590089833809941e+00
7.965982184029519964e+00 6.872059044551215301e+00 8.460958660010552634e+00
8.051189360000188699e+00 6.578331167298233417e+00 8.230548573936861345e+00
8.278169532600868408e+00 6.489814414145822496e+00 8.120161036158116019e+00
8.875171646502822753e+00 6.327505303906812095e+00 7.902820463539958595e+00
8.822857415613709620e+00 6.363735467044943306e+00 7.933681166384631389e+00
9.403082575426402911e+00 6.794333557808244883e+00 8.236500406028977039e+00
9.977785648532751850e+00 6.877150105581689488e+00 8.312513315340677167e+00
1.034377023287216524e+01 7.089457647542729113e+00 8.500395139424062663e+00
1.073660232825894312e+01 7.294957432336295788e+00 8.650393373759227345e+00
1.064777843673724433e+01 6.754120703913844004e+00 8.353916735096529322e+00
1.132946854553281035e+01 7.035422508546158582e+00 8.580460148401259701e+00
1.101829503513038233e+01 6.971836315941609463e+00 8.677260009079924785e+00
1.042492866381778072e+01 6.567496786112552165e+00 8.372416301775514214e+00
1.089304346045181227e+01 6.781172711619394278e+00 8.546916461160561695e+00
1.160722136866584719e+01 6.921321355606291803e+00 8.641478800958203976e+00
1.105292455394027229e+01 6.993159439791758913e+00 8.652827223529476086e+00
1.132369575587117261e+01 6.916158797107576639e+00 8.640942486718738991e+00
1.190108109811307635e+01 6.737701096196468065e+00 8.587944415789500852e+00
1.162189662315334537e+01 6.649736421196625002e+00 8.520978789592591696e+00
1.193895832481154251e+01 7.055056563132239056e+00 8.889960173267727583e+00
1.217192858248014531e+01 6.984138451154336735e+00 8.880805804099958678e+00
1.271450827075010892e+01 6.746116768230045579e+00 8.711228802981576536e+00
1.179109705659955409e+01 6.634609766662884489e+00 8.676789567889505506e+00
1.200863513278262928e+01 6.344411326359443493e+00 8.346609242496898062e+00
1.233834381418110837e+01 6.412205206168694716e+00 8.337390102647951551e+00
1.278960892965822715e+01 6.846017791291142629e+00 8.707714498129938363e+00
1.376637176140242325e+01 6.770645981834028326e+00 8.640731619779053574e+00
1.431882816667196145e+01 7.107805066404999650e+00 8.881179137842597271e+00
1.410017499914924244e+01 7.078184942855746620e+00 8.921362483342372585e+00
1.475171315982548137e+01 6.718102621553917686e+00 8.637045298730955167e+00
1.546937624053408911e+01 6.408496260644489517e+00 8.471755494301941525e+00
1.553508155129136092e+01 6.458999277827734531e+00 8.582813033313481554e+00
1.631123771833726721e+01 6.283741002435819567e+00 8.376193148261855015e+00
1.639607557100109148e+01 6.229832687985260797e+00 8.415348028802629443e+00
1.802950621074186799e+01 6.194403934715420945e+00 8.381537715043123171e+00
1.799734605829343792e+01 6.359507570706917079e+00 8.472038068102685671e+00
1.843465479948012131e+01 6.359208251550470870e+00 8.567423123690346642e+00
1.834494894251789177e+01 6.312502837856102111e+00 8.588710104064956496e+00
1.997642464603530854e+01 6.158263838389345324e+00 8.510972448113404809e+00
1.906580644327391738e+01 6.192690426332863929e+00 8.505781832612131055e+00
2.008061970930400975e+01 6.125245220417246728e+00 8.487791128709005761e+00
1.889967611937492009e+01 5.768628090018007804e+00 8.255887407992174687e+00
1.889344231332921709e+01 5.694431597503339049e+00 8.198817561092038630e+00
1.794152359374454875e+01 5.536136308810301720e+00 8.098426522128885807e+00
1.919483042989009292e+01 5.376054321276109604e+00 7.884013038238006921e+00
1.807783123536558634e+01 5.185752753674995219e+00 7.664105873270534275e+00
1.807892096761114331e+01 5.367670239457198456e+00 7.842561387094535874e+00
1.757700961814493468e+01 5.373074564795670582e+00 7.805834866020764373e+00
1.736848345909518443e+01 5.297512534219398717e+00 7.758310185377993662e+00
1.832098577295183972e+01 5.344356166347974835e+00 7.823820330476355167e+00
1.858119403770319877e+01 4.974177144057242650e+00 7.511997145021325650e+00
1.881395769592948142e+01 4.892784992213077722e+00 7.400882676262781956e+00
1.850133177125923822e+01 4.630830636393885591e+00 7.134274430852320492e+00
1.826659656385712438e+01 4.513825297606954834e+00 6.967761926578659448e+00
1.676425581491804095e+01 4.618168535061534463e+00 7.085012404424757548e+00
1.644493473106373926e+01 4.611537394291729264e+00 7.135935552822768813e+00
1.635460710018705655e+01 4.502985531240847550e+00 7.053586263729727079e+00
1.510205266290582848e+01 4.743400241958234176e+00 7.334091004421912530e+00
1.530903835942173608e+01 4.879857926472406682e+00 7.442829908827556906e+00
1.579751310231078776e+01 4.788949198918684758e+00 7.328527025128589223e+00
1.595125378538985039e+01 4.741352931027716266e+00 7.247512428854584243e+00
1.517206253553458062e+01 4.362035559924890116e+00 6.879256120227305260e+00
1.447498619058223923e+01 4.361313011281546359e+00 6.927092330545026932e+00
