2.000000000000000111e-01 -5.000000000000000000e-01 0.000000000000000000e+00
7.987263163210375216e-01 -1.289390059690557477e-01 2.178587857293342311e-01
5.565078151894942149e-01 -6.445405096473391104e-01 -1.217034694203237566e-01
8.924980615010351670e-01 -9.582651803673261082e-01 -3.981959514214836182e-01
8.788514290414896069e-01 -9.594767630535181446e-01 -4.013038533885923131e-01
6.362180334475722177e-01 -9.399587754588927258e-01 -3.786791171021283708e-01
1.801970903070604368e-01 -6.375450317204169881e-01 -2.624919861816700228e-01
4.834156723647405063e-02 -3.625012110871523308e-01 -1.532130476598669855e-02
5.349441142429273155e-01 -5.992789524373709487e-01 -1.328999771564088328e-01
-2.325349093224239327e-01 -6.172093077903793024e-01 -2.452823290874764917e-01
8.091706013639018424e-01 -6.439705115931443347e-01 -2.054121435725779488e-01
3.552145200019242721e-01 -7.260436281579812912e-01 -2.106830352180042998e-01
7.220023271394039321e-01 -7.411651571423055751e-01 -3.091390229959456448e-01
4.579374213904355284e-01 -9.936792754766341496e-01 -3.959713135013085417e-01
5.274084636402660564e-01 -8.460929367205100027e-01 -3.389819579991725784e-01
3.116677333908891567e-01 -3.665708729923636278e-01 -1.738760162564824407e-02
-2.013519326587696889e-01 -5.375289212810661077e-01 -1.668661621561512709e-01
4.673011579956275474e-01 -1.026166505418692337e-01 1.405371013467801578e-01
8.834315732782573871e-01 -5.667406073082121853e-01 -2.200848498837412182e-01
3.946525574672175574e-01 -2.986118198510533950e-01 -1.011142304750220072e-01
-9.228105875886422060e-02 -5.821825271985272554e-01 -1.503963546184850786e-01
-3.615273015275560775e-01 -7.618378512172170325e-01 -2.404874396690823701e-01
4.553627478124386840e-01 -5.287898783087021659e-01 1.404097626164571566e-03
5.698466669924585615e-01 -7.272284762229982435e-01 -2.633480203984400747e-01
5.918344193677355092e-01 -9.877600894608998816e-01 -3.723103001345575147e-01
3.237030884294626043e-01 -6.003069641651441746e-01 -9.004650195718576222e-02
3.085900750847424545e-01 -3.672299002399941892e-01 -8.124840202904612396e-02
2.790103029538406609e-01 -7.326895150973149473e-01 -2.678382066334256129e-01
4.756405660888546327e-02 -3.155576291264348132e-01 -3.377519471831819109e-03
-1.347921268382098470e-01 -9.790464938168427222e-01 -3.104877420699544976e-01
1.128093378466411417e-01 -9.651328914097168088e-01 -4.830131629371776647e-01
4.779068467324314451e-01 -5.828608093814716673e-01 -1.129610448715413357e-01
9.071356439767863655e-03 -8.979961365270593410e-01 -2.813486715448845210e-01
-2.971217914130815929e-01 -9.701439848336469440e-01 -4.283064063350325301e-01
5.761590084443160009e-01 -4.392395571593718517e-01 -2.668177693446449061e-01
2.383520083374691956e-01 -4.386912045205318966e-01 -9.428444000484839660e-02
6.350753421247118391e-02 -4.579881085760840187e-01 -4.704552519267919675e-02
4.441237788349193805e-01 -4.432317543657894876e-01 -5.236915230280279887e-02
1.285928215837723876e-01 -3.412767940633862351e-01 4.800500604903194801e-02
1.511708778995763947e-01 -2.237433797968051419e-01 -1.342724718956783969e-01
9.653297135557004083e-01 -7.450853856286480115e-01 -2.906151437678564653e-01
8.200407863048559953e-01 -5.630623519968775970e-01 -2.398040489823557442e-01
6.219470920707300537e-02 -9.120796273023732414e-01 -3.213535307347565873e-01
9.525957544716507908e-01 -8.800123556855291573e-01 -3.478391142069256481e-01
4.405696602138559070e-01 -2.404646204685273458e-01 6.261805072713109988e-02
4.953372051518433183e-01 -8.129521308377748445e-01 -3.121491962132092457e-01
7.696204602441139020e-01 -1.743039287344360089e-01 6.646281548348255408e-02
2.353489481836517350e-01 -6.143043925725493182e-01 -1.518900178594919936e-01
8.331137604347104153e-01 -9.030208253110032501e-01 -3.024503808335135546e-01
3.096200865366810495e-02 -6.240953813060908795e-01 -1.986179356825527875e-01
-1.740882666650417909e-01 -7.194632834837423330e-01 -2.701695519075548724e-01
1.520621962322844523e-01 -7.260919368475000635e-01 -1.611650778219105573e-01
1.328587412677342539e-01 -4.632355035561312451e-01 -1.013809453677407685e-01
-6.093369153092441648e-01 -9.586821740540232284e-01 -3.561112968154800940e-01
-2.107996262962286149e-01 -8.202763367377028381e-01 -2.175062027923579389e-01
8.827495193774784754e-01 -8.853499602216394759e-01 -3.041524844671232297e-01
4.962438827782431616e-01 -5.632373674320807488e-01 -1.741986991190317136e-01
4.491585712095660932e-01 -5.676216385068517667e-01 -1.632877133862054575e-01
6.863660506855693288e-01 -7.572091865598470362e-01 -2.978010697758379788e-01
8.611784749951866269e-01 -7.218717080654069029e-01 -2.742893182215079273e-01
6.487179921482580380e-02 -5.262626032480788307e-01 -2.046538484371797917e-01
3.065103457790644415e-01 -9.186402014522122572e-01 -3.376700274643048560e-01
3.489350725374242290e-01 -6.304865440129181486e-01 -2.301530480734540196e-01
4.266141231855891114e-01 -8.826733252738563351e-01 -2.511054158717595519e-01
-5.824195953997927111e-01 -4.601551612869710928e-01 -2.316301239861043998e-02
5.006962431275192582e-01 -9.446995074046141694e-01 -3.520710355542998604e-01
6.834284048767900188e-01 -4.225877793927313997e-01 -1.105366689784682971e-01
7.430953099418219354e-01 -9.883790822862723591e-01 -5.085367027493565839e-01
-2.681094881095980043e-01 -6.921785117198115955e-01 -1.219812361808430001e-01
1.119716058755125809e-01 -8.281751858835887381e-01 -7.844348817052304579e-02
6.609442748891986019e-01 -5.255158050477597431e-01 -5.011780259933334980e-02
-9.573947473445598710e-02 -7.143150363174810558e-01 -2.606839482890237480e-01
5.489052810211582090e-01 -8.720230080729760580e-01 -3.299368263221715836e-01
-1.406747397715978065e-01 -4.639491560446090124e-01 -6.188524316833016181e-02
-2.990938515555837673e-01 -6.495424698941154595e-01 -2.585262095952516326e-01
7.479382187049621322e-01 -8.261261153625744091e-01 -3.325142700109261495e-01
-2.145846259570555747e-01 -5.229368041388350319e-01 -1.411432914406390501e-02
5.514356583235302534e-01 -9.306945994379889342e-01 -4.668572387612278662e-01
2.101743237269826647e-01 -2.393220529618539372e-01 3.766876142807912276e-02
4.251658288753502601e-01 -9.263028423972530234e-01 -4.223556767048528560e-01
4.907349281418809106e-01 -5.153861605020845227e-01 -9.788881053688205935e-02
6.763176887831927608e-01 -6.590484645801715224e-01 -1.184454439073164972e-01
6.091591245205293936e-02 -8.176383375819610277e-01 -2.188410386744123748e-01
-3.717435799488915671e-01 -9.331373719456068638e-01 -4.655780795544366413e-01
8.750761075460399274e-01 -6.651378675467298773e-01 -2.113066861726707601e-01
1.690490378316239495e-01 -8.832531604433329075e-01 -2.928580899987021091e-01
9.035184608069491974e-01 -7.772437765473116933e-01 -2.425207449285645134e-01
3.714690350661501439e-01 -6.059109651948987318e-01 -1.424967441102623911e-01
4.781333084606588790e-01 -6.495806894040712098e-01 -1.822521864444822115e-01
5.318906101144201815e-01 -9.051398965424284349e-01 -3.556620498956540866e-01
-1.315193619968385019e-01 -8.329471758775133239e-01 -2.826128352606901428e-01
-2.805219410198914187e-03 -8.547293278025315244e-01 -3.571420471113033179e-01
-6.604127567441352431e-01 -9.847146072022816554e-01 -3.964789471330992243e-01
5.766064107951645035e-01 -6.927190036610972879e-01 -2.688269532674542051e-01
6.698257462659221728e-01 -7.865055755755616662e-01 -2.553384683644661646e-01
-3.278232156651632034e-01 -8.580304072808980775e-01 -3.014689593553648295e-01
8.202959351503312790e-01 -8.965491857970135925e-01 -4.672186520856651537e-01
4.544701060012040772e-02 -4.721854039936594916e-01 -1.560434429867752493e-01
3.412317319374200131e-01 -7.545340713395951582e-01 -1.680821646634902411e-01
5.857286470961970970e-01 -7.249347322832492280e-01 -3.887045032925315335e-01
2.314664032038133423e-01 -9.456326477181073997e-01 -4.093854037123514922e-01
-5.931638551032698548e-01 -7.265271697479003254e-01 -1.500704616111318002e-01
4.565020411314979487e-01 -7.723248811905768507e-01 -1.573620812335680408e-01
4.789218870366756531e-01 -9.032220429113687610e-01 -4.201533416376275198e-01
5.736286958727364604e-01 -8.318374584714454123e-01 -1.735136342916219210e-01
7.449098646961205272e-01 -3.559639378484584782e-01 -6.709083819914471447e-02
-2.938709656464377762e-02 -9.940049236265073862e-01 -3.648470253772896355e-01
6.338102242068979209e-01 -6.235009206177811736e-01 -8.655129827010146770e-02
5.660431179472913410e-01 -8.526695321143060724e-01 -3.470631610545457102e-01
7.644128462379413680e-01 -8.427392053017361828e-01 -3.621563451284322555e-01
8.110980361677146977e-01 -6.928318659447768590e-01 -2.051412122140730543e-01
1.370502600236100099e-01 -6.893487643973841283e-01 -2.787618763521596543e-01
1.125007621795827417e-01 -6.296172579299534888e-01 -2.004092961411973461e-01
7.364650544138461319e-01 -7.255976521874522023e-01 -2.853334129007861764e-01
8.499087674549502536e-01 -5.216951093455975963e-01 -5.835857980210610446e-02
3.124086504562824662e-01 -9.990182590217350223e-01 -4.223918572122000725e-01
-5.920932683890700599e-02 -5.979565592974515065e-01 -1.303409446283045336e-01
6.490975352870512194e-02 -6.494191964630080527e-01 -2.680205606160341869e-01
2.897125146317793831e-01 -7.538773624396732931e-01 -2.315786234568674995e-01
-2.445228072673528708e-01 -4.804497738259571049e-01 -1.117098722677282441e-01
-5.676256214978492309e-01 -9.680467874681555340e-01 -4.395372258201784565e-01
5.341190893533361850e-01 -9.582584343245131864e-01 -3.503794403189034457e-01
4.120944111683707556e-01 -3.357831569186079945e-01 2.404732268934528516e-02
5.757942725430071906e-01 -8.105523500011109217e-01 -2.293613585205874772e-01
4.727821180766800246e-01 -6.074891766887228206e-01 -1.393624324698336248e-01
9.111703935435022661e-01 -5.472344918288958304e-01 -6.677928905137658910e-02
4.953366855826128456e-01 -8.789318000675483411e-01 -4.220151377472985965e-01
-1.352525633472683175e-01 -3.962535266763766439e-01 -8.211061444888076433e-02
9.424459495645265417e-01 -9.373718323303354971e-01 -4.700804482102325377e-01
9.140741878119562625e-01 -3.653598200181888411e-01 2.327575084930052357e-02
1.969942786289520520e-01 -6.907863723802403211e-01 -2.011138736523331583e-01
5.445394165436986400e-01 -4.978914923686929284e-02 1.926181017810806306e-01
5.563557582133397128e-01 -9.535698420746019366e-01 -3.458412906400422093e-01
2.170101343629257107e-01 -8.433615828341466392e-01 -2.899157345931382412e-01
-4.405896663301295257e-02 -8.393985236067801337e-01 -3.291922125009575928e-01
9.054794950203304271e-01 -5.326090530860767558e-01 -1.299046759983954469e-01
1.933575872045177613e-01 -7.226236502338649892e-01 -2.719135165044821445e-01
1.431903628890409119e-01 -7.468241890307903974e-01 -3.896820059814648518e-01
9.160570615954960472e-01 -7.557274610139632642e-01 -3.399347337518994761e-01
1.728329330017667198e-01 -7.632613580995739611e-01 -2.949237949439241779e-01
7.225634944257157688e-01 -9.859136032013852136e-01 -3.777337374611821619e-01
6.976100804185081383e-01 -1.425286493876113392e-01 5.801648402687320516e-03
8.029527284997394210e-01 -8.866122359608510362e-01 -3.633990951894271459e-01
5.776409980949700484e-01 -5.557698315098397179e-01 -1.012702256723462951e-01
4.119724124046925118e-01 -8.732473890721315080e-01 -4.337661438217549348e-01
-2.966755555212742812e-01 -9.107184269460353310e-01 -3.241739404686297954e-01
3.948829121749148352e-01 -4.916319301779631945e-01 -1.603725204596129217e-01
5.187259883094353929e-01 -5.141323338097399942e-01 -3.631438378230339437e-02
6.958101022470846164e-01 -7.682307350241807109e-01 -3.304050923015409147e-01
3.619061283818106878e-01 -8.363776456594678166e-01 -4.013136637387331174e-01
5.551880839698821735e-01 -6.753299113762032402e-01 -1.343583342982337669e-01
8.710424432621469704e-01 -8.138037886815291388e-01 -3.433645418458018961e-01
7.323378729401469611e-01 -3.373198727133184249e-01 -4.562994248063248492e-02
7.772539789098911189e-01 -2.832403867421689481e-01 -1.813431829445211890e-02
5.043607017884248478e-01 -6.407117444831428310e-01 -1.412813815984650945e-01
-2.676886710855713725e-02 -4.178349648324785615e-01 -1.183396564130954343e-01
1.877002125593746351e-03 -6.339932063186657363e-01 -9.485542493749939130e-02
7.135257891248704132e-01 -6.770199833597940753e-01 -1.070001953966994990e-01
-4.165260954432611351e-01 -6.887425332166375869e-01 -2.433044271350101317e-01
7.000335963617221324e-02 -5.691691715482500857e-01 -3.338883703101724887e-02
8.485168018198072648e-01 -7.085634598418916186e-01 -3.026583457586905501e-01
8.219601814837280696e-01 -8.496826108493981122e-01 -3.599655381296908985e-01
-4.406021862482109031e-01 -9.464740302815021211e-01 -2.577334796253371585e-01
6.648268941269936949e-01 -9.911761525294907615e-01 -4.063671177914653931e-01
7.306893797426781134e-01 -6.619243387784543575e-01 -1.672563272885762564e-01
-2.398269595303396395e-01 -4.568977090909083216e-01 2.003675183368092139e-02
-1.744741884154400458e-01 -6.685911967252458066e-01 -1.926866116288045161e-01
4.402982704283830984e-02 -6.649712314393949608e-01 -2.497031058090642130e-01
-1.413942610447949388e-01 -8.469479866466479434e-01 -3.024533429356697223e-01
5.599963437314086079e-01 -8.153522448706845838e-01 -2.016419505031939174e-01
6.245532684269798906e-01 -8.315033338028170462e-01 -4.092301953730707043e-01
1.471393464244582783e-01 -3.666252907658187343e-01 -1.609330870410358161e-02
1.211148320334071854e-01 -7.419129682468272868e-01 -2.592304187486174083e-01
-4.490629683038188658e-01 -4.657656394888199936e-01 -1.949264770234570010e-01
-2.637391241379617446e-01 -7.122812225391442764e-01 -3.747560508378781075e-01
-3.686648027796359806e-01 -3.754457174008783427e-01 -5.599247385314255754e-02
5.829199467638662702e-02 -8.616874182949669780e-01 -3.249373903400641916e-01
5.826894071205989123e-01 -5.701283550048328319e-01 -2.065662302365951219e-01
5.604331612648857375e-01 -2.599655560286451839e-01 -7.602600975397258432e-02
7.177671968691022863e-01 -7.842600932202871133e-01 -3.156557339953421915e-01
6.828279402166320677e-02 -8.695035235082401170e-01 -3.541426242751383180e-01
1.171305074930883428e-01 -5.844389308405595340e-01 -1.704429045433540346e-01
3.973079314716739252e-01 -6.043945719268173367e-01 -1.313232912256766249e-01
5.413571008669537665e-01 -7.936898276996589008e-01 -2.211350244734419379e-01
1.602856809512908098e-01 -3.401055262034872184e-01 -7.067727980805590948e-02
7.538112575210285105e-01 -7.718727670639630167e-01 -2.899139097549408572e-01
2.732115316177799458e-01 -8.761796577288272214e-01 -3.857127457459215147e-01
7.707763584968501114e-01 -6.530075373827246565e-01 -2.066938162558164538e-01
1.378471505480572956e-01 -7.682664074012942601e-01 -2.958502359656716707e-01
3.376383907641876680e-01 -7.592352888016912216e-01 -3.955661984301280798e-01
5.376120381562899952e-01 -7.758668569462754405e-01 -1.859230842134735884e-01
-1.381631240732675847e-01 -8.671412628789965105e-01 -3.689767516057828045e-01
-5.092742210588891982e-01 -7.369431774945798264e-01 -3.536212968630186304e-01
-2.210261017057743305e-01 -3.624981394645248045e-01 -1.108709546321797190e-01
2.737583246543482951e-01 -7.775419567539527677e-01 -2.774669690802175070e-01
-3.002786553363697708e-01 -9.212982663447721876e-01 -3.589568136041928481e-01
-8.233020160920564434e-01 -9.268214063683570814e-01 -3.857829259762683982e-01
-2.476509896897284291e-01 -9.228582161709674159e-01 -3.511974190978426336e-01
-2.541428752396546198e-01 -9.054770348158194260e-01 -3.434132948748667702e-01
8.065979324949138496e-01 -1.317510688713054712e-01 1.316124107942480692e-01
3.917436248717490743e-01 -7.170964744149006531e-01 -2.583010120389787057e-01
7.779216783191440499e-01 -8.666145459927787620e-01 -3.288320309962872168e-01
2.426227968390390344e-01 -8.198357883543516689e-01 -3.226654546559413195e-01
-1.428034587494235730e-01 -4.064434090853521475e-01 6.176762246597845146e-02
5.079826185021825147e-01 -5.589328113553643229e-01 -1.263203034407237302e-01
6.406466942865445269e-01 -5.025507266674494877e-01 -2.150697867655977091e-01
9.733283658488827150e-01 -8.209120551528282794e-01 -2.323708521947589201e-01
6.477893062507146249e-01 -5.882154620135939815e-01 -6.138890522769632763e-02
4.140835679716557971e-01 -3.947863533062556662e-01 1.200831111883483328e-02
-9.857736662563789665e-01 -7.591634538585965153e-01 -2.682844761888519836e-01
9.198015170662353635e-01 -7.324975548988352791e-01 -2.362129131561219730e-01
9.664239259147465733e-01 -6.972018216131836699e-01 -3.059144393748552959e-01
8.326865087689998557e-01 -6.119928512352139638e-01 -1.776843964887954708e-01
-8.537545426936570259e-01 -9.374507483742470226e-01 -3.402864650462823493e-01
3.952913569330562815e-01 -3.393542011599304242e-01 1.416350460810032741e-02
4.357907272734222737e-01 -4.094439343352532790e-01 3.258804000284847013e-02
6.210311700631585552e-01 -6.236637134867945020e-01 -1.734215237248646069e-01
-1.932813359874455683e-01 -4.850924247819320967e-01 -4.630676115072260290e-02
1.172669624944454592e-01 -8.462032573860931439e-01 -2.210369335690694770e-01
6.003265851404652187e-01 -5.267138897783915086e-01 -1.984554976970698548e-01
9.155304854906802792e-01 -7.803449547515279860e-01 -2.554948960968932425e-01
8.657176276155540418e-01 -4.580131821995245267e-01 -1.319204621266438504e-01
5.875872234244846615e-01 -9.732546760275826436e-01 -4.516654947564375244e-01
-3.018969450942602939e-01 -8.879655480263998202e-01 -2.936910765108647903e-01
2.868182716596087145e-01 -6.744949917280037566e-01 -1.198923979111156390e-01
2.851524013118363898e-01 -6.996035088552884362e-01 -2.424217519264585674e-01
-4.331482808266277074e-01 -9.167025823479791891e-01 -4.491675235120218823e-01
6.935246610230739739e-01 -5.382719658758825521e-01 -8.293549324029897418e-02
5.162870411572387241e-02 -7.459019088821118304e-01 -3.210822139438749834e-01
7.305218706015932373e-01 -7.702669082280639845e-01 -4.182964555210807456e-01
-8.819952973879204017e-02 -8.718649763181949286e-01 -3.385958511987258168e-01
3.672473550011157717e-01 -7.598151933529294633e-01 -2.332586486593650199e-01
1.992941359021567771e-01 -4.732297480418306557e-01 -1.809363115027080027e-01
1.100792264562312078e-02 -7.313105148279419598e-01 -2.098431103368122996e-01
4.039062900083174035e-01 -6.240106983404265506e-01 -8.357961351464002209e-02
8.467234652104658199e-01 -8.932777098092652412e-01 -4.190741620266703604e-01
6.090301923680753182e-01 -9.153475615491264428e-01 -3.399118468907046942e-01
3.228873604607535031e-01 -5.170164160066207382e-01 -1.085610263255682856e-01
-4.955760753438808730e-01 -6.714161649224957840e-01 -3.065153585705856498e-01
6.155226111706757486e-01 -8.516503627349850669e-01 -3.086862126187783772e-01
-5.876760066361939039e-01 -9.750435123310876584e-01 -3.911920547244530644e-01
7.910178906303224622e-01 -8.334789525992264414e-01 -3.386279748560656611e-01
5.376332519851090286e-03 -6.633702775474112912e-01 -1.995772448915854869e-01
-1.841485005588204271e-01 -3.957855188842762661e-01 1.399257661979888545e-02
-1.492983185834328430e-01 -8.361417639954575876e-01 -3.264025032857125197e-01
6.654290950608967581e-01 -6.684183962197213225e-01 -3.606290763448395387e-01
5.328193882692373595e-01 -1.818899569109219128e-01 1.301379800351798732e-01
5.662314554497134278e-01 -6.497831812701265752e-01 -1.386660913121650351e-01
7.730351037930581759e-01 -3.778039377619747397e-01 -3.640255857158325448e-02
7.792590886881661794e-02 -9.343872254294618429e-01 -4.733319325626099694e-01
2.814624188421922524e-01 -8.309857169939065535e-01 -2.805719454292808779e-01
9.071787573304370689e-01 -7.041305636099920440e-01 -2.280578449984481393e-01
1.709283481195754129e-01 -6.376038268416521770e-01 -1.774099694110090053e-01
6.861069325485238402e-01 -5.070458441461717092e-01 -1.408614989829677921e-01
3.476144629853203383e-01 -6.991050557304995250e-01 -1.173134062804325750e-01
7.650009723541779660e-01 -5.127772959428529287e-01 -1.771750366113941655e-01
-3.213336853511410407e-01 -8.819885581620929837e-01 -2.866600259322775179e-01
3.017096934634174721e-01 -4.065651501145371993e-01 1.967816179840110175e-02
8.188854032893193580e-01 -8.360800973337680908e-01 -4.139799116019264313e-01
-5.704526535173433388e-02 -8.074183090075243152e-01 -2.434547345416052389e-01
-1.199485195852580399e-01 -7.665562559663168241e-01 -3.236772209100814424e-01
4.825513946904201323e-01 -7.587288571211290300e-01 -2.307141096486737541e-01
6.449452514852553886e-01 -6.459728052432884837e-01 -1.793220106711067019e-01
6.858392677369917756e-01 -9.786142448882019229e-01 -3.681182587377148097e-01
8.648233908638947032e-01 -3.978278784831491555e-01 -1.401222828538567222e-01
6.154696777229272664e-01 -5.189129813461752505e-01 -2.410169862013292197e-01
9.034609421549923969e-01 -6.053201877092462269e-01 -1.585880561311323322e-01
5.916655412481421905e-01 -5.253904333935518478e-01 -3.799869249114827541e-02
1.123432576185727783e-01 -7.299301581260289051e-01 -2.541172085337073394e-01
-9.293224899903285152e-02 -9.958875870248258266e-01 -3.700494704611162478e-01
5.402205344254963348e-01 -8.940341223220416023e-02 2.919072290267147318e-01
7.990294975096521313e-01 -4.664381399330736477e-01 -7.565392274067735123e-02
6.810625775935033044e-01 -8.517461923842084559e-01 -2.548306849887319037e-01
6.579306695298779983e-01 -7.445829432776268630e-01 -2.032988464621114100e-01
-1.371831790708736842e-01 -6.743577974335503988e-01 -1.486743871621128421e-01
8.199484293178767036e-01 -4.207586911264867835e-01 7.406983570522390758e-02
1.760020479002289140e-01 -3.262452818461477611e-01 -1.014987025198638149e-02
-4.268886135213399990e-01 -6.701448109867975678e-01 -1.160131866036555742e-01
7.036292766215411498e-02 -5.430294517778104790e-01 -7.341819347242387050e-02
-4.221326456290753759e-01 -8.832037519046864738e-01 -2.767622027690525011e-01
6.738679285277242581e-01 -8.439915454802674466e-01 -2.732132651081355390e-01
6.198045228139955620e-01 -7.916572533807958445e-01 -2.528339619156710905e-01
4.049236773255068256e-01 -9.468332938463339676e-01 -3.606169155687016237e-01
3.546912045886003728e-01 -7.326681696935459787e-01 -2.828786572875073291e-01
9.230486693136774612e-02 -4.029951178203889928e-01 4.821823873967025914e-02
-4.670077939389268851e-01 -4.308306929519827300e-01 -1.775600716061459527e-02
-3.073952048408333804e-01 -6.377966154362033624e-01 -6.179016237893941027e-02
8.915006386643169467e-01 -8.952060196584952223e-01 -2.716074554894142290e-01
-6.388455417663183589e-01 -7.294753550654746732e-01 -2.581621900137104353e-01
2.372440911829236942e-01 -4.110125574888164879e-01 5.833747320414710280e-02
-4.608382435867709459e-01 -5.632903400015241147e-01 -2.846548625451350567e-02
9.477389072439994511e-01 -1.420980507467766718e-01 2.019689237383134606e-01
4.029488461670516219e-01 3.241098714638625533e-01 4.441910335823981981e-01
2.068138696891830275e-01 -4.714171813460387717e-01 -5.604637532554924972e-02
4.942385900540881560e-01 -6.645761764078562672e-01 -2.502814438667836927e-01
4.812811611813804236e-01 -9.289320135391272437e-01 -3.417462942400628645e-01
6.027097883978435044e-01 -7.705525648209644585e-01 -2.984944879476264523e-01
4.418505688231879613e-01 -1.782828937832604543e-01 1.288552875716950097e-01
5.919711283576298833e-01 -7.934452057455229079e-01 -2.125115811339731153e-01
2.885366187999248710e-01 -9.226286650016286561e-01 -4.355586419187222336e-01
2.123956753949963749e-01 -5.389677916423623039e-01 -1.159252364760637866e-01
6.278649001643468175e-01 -5.350038948808301109e-01 -1.946871643969690369e-01
-3.389040500972107517e-01 -5.844240191427888531e-01 -1.318507468593862197e-01
5.375269877363797466e-01 -8.417346080710577105e-01 -4.278836459238227752e-01
7.279340131786607992e-01 -9.626353670013966246e-01 -2.209274405454378920e-01
6.419684653656581030e-01 -5.273267678785769075e-01 -1.657363331727139677e-01
3.147259970715604038e-01 -6.821933793126613299e-01 -2.399373289205959381e-01
-1.344638506111370535e-01 -9.080972491524395007e-01 -3.397977308052235745e-01
5.649595023423903406e-01 -8.751415759296600205e-01 -3.557939835812323204e-01
2.157187972111687668e-01 -9.245036274310209912e-01 -3.490868431818359152e-01
8.648552565857894336e-01 -8.472060371222533970e-01 -2.975466764447681767e-01
3.090910204432217312e-01 -6.966105380018887683e-01 -2.131938569779356085e-01
5.138394133979863332e-01 -9.681501175633016043e-01 -4.024119586664788861e-01
9.668346536549055070e-01 -7.589383037939130272e-01 -2.585843183887007180e-01
8.837531821554081013e-01 -7.731176014326734958e-01 -2.882446473290689037e-01
9.958217755317450015e-01 -9.396922416334292372e-01 -3.913634206851501762e-01
-2.946082500117756520e-01 -6.142113244626081769e-01 -1.521329514331423438e-01
-4.767776671762363749e-02 -6.366943826947161211e-01 -1.572510294993892943e-01
-1.795986599065894362e-01 -8.644714646846924921e-01 -2.348454737671077930e-01
4.521865231029179033e-01 -6.552909796705936873e-01 -2.683526531311493657e-01
5.950733498852455172e-01 -8.123402075491504837e-01 -2.953437071201233111e-01
8.690772073082640992e-01 -5.547960361156248910e-01 -1.166685254662333526e-01
4.077877500480739936e-01 -8.740425592784468733e-01 -2.967596179256175581e-01
3.549992661218354106e-01 -7.582847263523683212e-01 -3.646519298667113551e-01
9.411593161917208850e-01 -8.404452274059386330e-01 -2.471014532269206754e-01
6.364843083224956954e-01 -8.831570928240506380e-01 -3.208821161796858723e-01
3.803991944844922757e-01 -7.092841938870229068e-01 -3.452888988213500543e-01
1.973849392683316439e-01 -8.876902155194628108e-01 -2.716508520881893984e-01
8.024386406000891814e-01 -7.795154632495375768e-01 -2.793364116439560618e-01
5.533150594611913053e-01 -8.211270165272948063e-01 -3.581146638073389177e-01
-2.100678241239102295e-01 -9.017523927287898200e-01 -2.572926925921836805e-01
3.742312756710423072e-01 -8.286422173708559713e-01 -3.099935796930471943e-01
4.771679656757550347e-01 -8.284757794149932852e-01 -1.755670040689256417e-01
3.878503141439837432e-03 -5.401032517068493632e-01 -8.967201282308434607e-02
6.875905154863892754e-01 -6.146665546885203835e-01 -2.479986664114362527e-01
7.486691283368173133e-01 -9.202467347260507857e-01 -3.905848287841483524e-01
-7.670992890479341741e-02 -6.149229638289919198e-01 -1.681612658252454873e-01
-5.637954547986621934e-02 -6.310907860839956030e-01 -1.438441702648957654e-01
9.569252820757421230e-01 -6.338900150372751563e-01 -2.885857821661186873e-01
8.726842912715911948e-01 -4.829789638910930161e-01 -9.614097237621772873e-02
7.545969928556031103e-01 -9.088268032903643601e-01 -3.736898729582528444e-01
5.383331891272175040e-01 -5.711553616852814708e-01 -1.701687451956905850e-01
7.225688247225525718e-01 -7.845246760780766326e-01 -1.773256177126581457e-01
4.468371971325562630e-01 -6.097201732383081829e-01 -2.005110567664069587e-01
-2.289147043927587666e-02 -9.915897070449918305e-01 -3.497639707434889722e-01
9.241426820308432794e-03 -5.561989125329342976e-01 -1.935118752795926822e-01
-4.235370308775349146e-01 -5.324421267660703894e-01 -1.034041989367623371e-01
4.454587502221789563e-01 -9.938187450535267420e-01 -5.118671039357252095e-01
4.541626318543663388e-01 -3.005587150156221465e-01 9.249611312349384495e-02
6.695580275117878344e-01 -7.928944602651821771e-01 -2.458392433512824882e-01
6.333870044335252469e-01 -1.931234625876550037e-01 8.977877531065353578e-02
1.426488722766540151e-01 -4.121388412437093085e-01 -1.546442712091681548e-01
7.259740465133268650e-01 -9.399210175262325828e-01 -4.374293815311523503e-01
4.470587782557849943e-02 -6.292511887827487715e-01 -1.402830952733822301e-01
1.764939729319177086e-01 -8.077786772272239624e-01 -4.136521343438438469e-01
3.723453594705671277e-01 -4.620517805325906058e-01 -1.586390975193117392e-01
5.254764703196859177e-01 -5.440939601009411319e-01 -1.248280250282972348e-01
8.858287507234532399e-01 -3.152463990995038046e-01 -6.094929038195071036e-03
7.787928484658740436e-01 -4.127913650390226952e-01 4.852015055362297186e-02
7.164471668815258765e-01 -5.194276192603064501e-01 -1.454670781124653978e-01
5.194521691806019970e-01 -4.696328457659297850e-01 -4.045488750947183465e-02
-5.661518021588544114e-01 -3.919393064861687037e-01 -4.319174738824246851e-02
4.804853535659643904e-01 -9.294135286300385657e-01 -4.258856959086260718e-01
-3.430641746363533029e-02 -9.929193972010820213e-01 -3.369939906235162042e-01
4.610478215283002057e-01 -4.636415953413350888e-01 -3.687686268018569580e-02
9.201475406084840269e-01 -6.460438411402436021e-01 -1.792476818752938572e-01
8.356790264554626591e-01 -8.412820086850365531e-01 -3.518875832287030603e-01
4.398246966284425907e-01 -8.887844362354679895e-01 -3.410345810738288352e-01
3.018191791823354175e-01 -9.643751969231985077e-01 -4.837974579792289065e-01
3.395322743903315676e-01 -1.404092737413966119e-01 1.924132668294158133e-01
2.480820287555220438e-01 -6.770428070085349193e-01 -1.867663739876247453e-01
5.071398493595891122e-01 -9.137540866815623275e-01 -4.435158396559689131e-01
-5.617386882472072407e-02 -8.180686471827545159e-01 -3.720938287277543721e-01
-4.699155839517765720e-02 -6.428107987056164152e-01 -2.114372077205811662e-01
1.945640734970126851e-01 -3.941714528888476954e-01 -4.547513289864282826e-02
4.641137587151367150e-02 -9.599008598183232932e-01 -4.489865173193161585e-01
4.116685973445379232e-01 -5.566517229312231141e-01 -1.617565878815257208e-01
-4.022685229853273370e-01 -7.741204934406560323e-01 -2.021418895152230499e-01
6.097540565898790232e-01 -9.292649194006729063e-01 -2.604258686785108079e-01
-3.696201140895890580e-01 -7.735777892397022182e-01 -2.532899191607634881e-01
4.965332600805145158e-01 -9.671992227191722469e-01 -4.037944299677182491e-01
-2.670291914984838644e-01 -9.786661408359387249e-01 -2.707299951073364186e-01
4.197414260553499199e-01 -7.112607418015250982e-01 -4.883481086005682092e-01
2.333694850709243096e-01 -6.385626091184806175e-01 -5.017939929873577176e-02
3.099752345955047450e-01 -7.055415412231383909e-01 -1.788837645293839540e-01
6.766914633793332801e-01 -7.657424142004508605e-01 -2.372532017492001988e-01
-5.428795330383900941e-02 -4.670254865657264554e-01 -2.066843532007308637e-01
9.154467311334084645e-01 -6.093204771868756531e-01 -1.718711290597297880e-01
-2.767759475865716468e-03 -6.264119329188564400e-01 -1.065254535153371263e-01
1.459444497397965057e-01 -1.899512033210848938e-01 9.373278868069351288e-03
9.496641021451647235e-01 -9.552050328497336817e-01 -3.209058874517448090e-01
-2.959143685193226792e-01 -5.942341892783776780e-01 -9.703678014398908758e-02
1.955688082600589572e-01 1.088508736240509367e-02 1.478005542697674590e-01
9.689736523747062291e-01 -4.621564382853377007e-01 -1.470880316782704478e-01
8.201567131283994394e-01 -7.450751805528814664e-01 -1.585338078112754900e-01
6.436549969394389503e-01 -3.504122174071060414e-01 -1.340795810863634058e-02
2.421571075607858448e-01 -5.681146886174323063e-01 -1.076016898239164077e-01
3.402274323513220788e-01 -5.351739369223447174e-01 -6.733612427455946958e-02
-7.085764130743324452e-02 -7.288098219301567537e-01 -2.788364372547107450e-01
-3.639889427912201825e-01 1.622734931966539895e-01 2.240046917680473260e-01
6.629877754399104983e-01 -6.210128731338052654e-01 -2.415009154174715400e-01
-3.058140850363821883e-04 -6.719830050208546179e-01 -2.015194673607521025e-01
1.981577740947588484e-01 -4.860141554302964684e-01 -1.482882131399624881e-01
2.755873878750897399e-01 -8.383921712536248627e-01 -3.875738820205297808e-01
7.610293193304328296e-01 -6.599651201185026128e-01 -2.579511531622641352e-01
-4.154833382419068077e-01 -4.732482502780027689e-01 -8.520065596283188381e-02
9.109494830589088821e-01 -6.068765043835413486e-01 -6.067845533055848950e-02
6.974391893073472737e-01 -6.814555694877825198e-01 -2.593265820650836329e-01
7.284827949446337492e-01 -9.774132468750360569e-01 -2.622785652644026300e-01
4.734748849957480243e-01 -3.741409819271025450e-01 3.867123300916905371e-02
-2.923000174095953807e-01 -5.738648960440617675e-01 -1.362950983802485860e-01
5.351655062344586877e-01 -3.890739665438516237e-01 -8.072885137841712133e-02
-2.445634021158898941e-02 -7.045668732931068545e-01 -1.933114108218439153e-01
-2.036633141248305190e-01 -2.610685853426325531e-01 6.428877635966809279e-02
5.966234766467022332e-01 -9.965145350261490620e-01 -3.782604689004601672e-01
-2.020282119666836629e-01 -7.238386601857439429e-01 -2.280665349659110608e-01
4.379717850330010487e-01 -6.928645826094106397e-01 -3.094937804054737618e-01
-2.424913993833489601e-01 -9.592300093856140908e-01 -5.139585709217413534e-01
4.963466297102668845e-01 -4.804435386204345404e-01 -1.309291379749888407e-02
4.009373247484945835e-02 -3.384755710301414200e-01 4.892112740366053036e-02
-1.563136136263366671e-01 -9.718114451749312321e-01 -3.879461595451850209e-01
3.730640578041011790e-01 -8.256345578622201753e-01 -3.276339835289512337e-01
9.973191775762708655e-01 -3.604080322260466152e-01 2.303889201425798894e-02
-1.382045976570229762e-01 -7.460606810668447553e-01 -3.369296945607657690e-01
-3.637514196843061320e-01 -5.704268604796747244e-01 -1.220472645573207893e-01
8.743846840929014874e-01 -2.991597910016262629e-01 -2.478569920330192522e-02
5.130797624875969021e-01 -7.265759787856882479e-01 -2.955480072327348329e-01
7.194282787628627496e-01 -4.494037555510930204e-01 -2.031099769226000218e-01
4.725450431735024326e-01 -5.311676193850910499e-01 -1.589517411807624125e-01
2.629357760822426116e-01 -8.541959084850813122e-01 -2.765488866715163363e-01
4.359725212336894584e-01 -6.676101972654532313e-01 -1.716757962622886824e-01
2.862209746784271092e-01 -2.897376848823864370e-01 8.167699655437643882e-03
-4.239458321641277616e-02 -6.145278944319007008e-01 -1.457143158410796335e-01
4.743701266804738470e-01 -6.015675242966034286e-01 -2.482398864011005901e-01
6.515874682717939237e-01 -4.685589875702832474e-01 -1.591678688513832873e-01
1.681563323189130821e-01 -8.533094185136458343e-01 -2.426039886132644874e-01
4.885422074080193466e-01 -8.545429212355916126e-01 -3.217270043312928096e-01
-8.277127370833069209e-02 -9.456393230597004429e-01 -3.231573730044522419e-01
4.430171650374375991e-01 -6.275728429976227263e-01 -7.551276573649944035e-02
-4.211355888560364136e-04 -6.178104297377061682e-01 -1.299991530222236735e-01
4.138878038523354785e-01 -7.315908544682522274e-01 -2.778240054248375390e-01
3.199934946137246161e-01 -7.515928317081466137e-01 -2.149308147030154215e-01
8.579658412625332797e-01 -9.211626443832980904e-01 -3.977646157887674838e-01
7.387604473190401144e-01 -3.780817591586047577e-01 7.474211946137893081e-02
3.021840072434293645e-01 -3.920874407114647853e-01 -9.174173464355678265e-02
2.946102913504713428e-01 -8.708648763065256482e-01 -2.587050168951572915e-01
8.161103206006143918e-01 -9.376651695534313768e-01 -3.463648511869301672e-01
4.127211415561850560e-01 -5.777142694026187186e-01 -1.428468103502127384e-01
1.396793942370713748e-01 -7.381977958645452587e-01 -1.866911769372721630e-01
-3.593455845913462454e-02 -4.958470366483370140e-01 -1.266682019631071299e-01
5.402175652838789865e-01 -4.993118690982610852e-01 -1.010313587325660234e-01
8.493376740779929879e-01 -7.333295247789797244e-01 -2.145905529067497763e-01
7.574333393099653700e-01 -6.663483477824032608e-01 -2.575079830268930392e-01
5.784888234648266625e-01 -8.294543899651710683e-01 -2.897702934263490238e-01
4.237317777200720892e-01 -4.967619870140122518e-01 -1.490057851825389856e-01
-3.164710997591380082e-02 -5.029931466980442911e-01 -1.318239879742147402e-01
1.521556055663114138e-01 -7.070804187540309371e-01 -2.544964361479192250e-01
5.362662254030018394e-01 -8.331669301785845638e-01 -3.377301021261143732e-01
7.277711631362092648e-01 -6.406035684380190220e-01 -1.740165412404073020e-01
8.765153290282944321e-01 -9.670348193487667832e-01 -4.518475851553453992e-01
-4.392979753898048623e-01 -5.401121333361180721e-01 -7.283862240604224714e-02
-5.447183468166821863e-01 -8.302119741117305329e-01 -2.713360759184514914e-01
4.919996587197797977e-01 -9.973882823004638354e-01 -4.366848472128587177e-01
-2.283731031716552118e-01 -7.180359534549776157e-01 -2.291359585427800716e-01
8.230164724802748744e-01 -3.728903330202724131e-01 8.753264051873071994e-02
2.486291697954764457e-01 -7.103322863466934312e-01 -1.922059803034202319e-01
4.987423301925509866e-01 -6.355842108281821723e-01 -2.768052650528234349e-01
2.679086383754228917e-01 -6.898074946636694182e-01 -2.271091977517575855e-01
5.382647754739449120e-01 -6.334965658973569225e-01 -1.843553369386127239e-01
4.439775548743084554e-01 -6.466753696147654606e-01 -2.192914307493458170e-01
5.083759510266357973e-01 -7.256261862496263815e-01 -1.741385898538061749e-01
5.621261303061619863e-02 -3.228456503668780675e-01 -1.455331146651014929e-02
7.960279730623885941e-01 -6.865170142955548949e-01 -2.336248998213380779e-01
1.406051641502535920e-01 -5.231512793501482683e-01 -2.210930486943991080e-01
2.910412224244768864e-01 -8.755035344032724431e-01 -3.477728935131189636e-01
7.967910991959490374e-01 -8.764016122365287931e-01 -3.177740810593220888e-01
5.127910911366502233e-01 -4.109318688833503708e-01 -1.110297625260356635e-01
3.485101295958217271e-01 -5.722733684675233023e-01 -1.715023110508661353e-01
-2.467993225702157234e-01 -7.575899553959078991e-01 -3.116275541405001959e-01
8.926123358999917823e-01 -9.233433588776680523e-01 -4.105195432723906523e-01
8.390263931219344995e-01 -8.436162599637752058e-01 -3.282529068761806945e-01
3.058475786124277285e-01 -9.863882126442671261e-01 -4.050058007105963864e-01
3.369841254638717420e-01 -7.493292072527538705e-01 -2.750633199670890483e-01
3.424994561669481019e-01 -7.805538594477416936e-01 -3.053345166472037908e-01
2.273204329335237195e-01 -9.821528755249434584e-01 -3.563021599917007842e-01
1.301153945189951477e-01 -9.992115161213315222e-01 -3.303001611508393776e-01
2.324759886072812476e-01 -7.462911791305599785e-01 -1.826950418444235336e-01
4.114987013780582736e-01 -1.958608344958006897e-01 6.781773187860054564e-02
8.248508279721866732e-01 -7.880665087635694288e-01 -3.763850515882979919e-01
7.141437450606946680e-01 -9.100300307597231075e-01 -2.748646831485441200e-01
3.299351489388074876e-02 -3.651231094837866786e-01 -7.451821985479606392e-02
-6.335438153138074346e-01 -8.711773624911828273e-01 -3.541608367049616790e-01
-1.807972125553780063e-01 -5.621537239996262647e-01 -1.790622652625392663e-01
2.401051653623857973e-01 -7.326708432220577771e-01 -2.230184512437871636e-01
6.301288758675513968e-01 -2.937830852153225369e-01 5.179735798488935283e-02
3.959532304817303672e-02 -5.911445894644025145e-01 -1.614523823425700888e-01
1.189677848341806621e-01 -8.474035203494495461e-01 -2.142968261407357522e-01
3.301181314768656394e-01 -5.250687662209236883e-01 -7.407563885804836767e-02
2.632004773334000181e-01 -8.170018922816281171e-01 -2.931642273211221283e-01
9.712991421085316324e-01 -7.331562560942601614e-01 -1.829320977381541646e-01
4.986296589230490572e-01 -2.251882037255011904e-01 4.387358649086933737e-02
3.581999190034600433e-01 -7.239437965104544848e-01 -1.989553662513620647e-01
9.907746734732265637e-01 -8.705535783139750627e-01 -4.079557178458340094e-01
-1.576989085702003024e-01 -6.925989995984856984e-01 -2.692125438149798322e-01
5.549245751781674008e-01 -9.967781975500120684e-01 -3.385115518083285924e-01
4.407242255254555929e-01 -2.485235626212185245e-01 -6.213407166692296035e-02
4.837111255201926863e-01 -8.462982436570276601e-01 -3.222347120145581112e-01
-7.897986635540990008e-01 -8.821415920436881386e-01 -3.623803442124075014e-01
6.780888853827632401e-01 -8.393469448592132398e-01 -2.963857917293963307e-01
4.465626864565173104e-01 -9.202828667263017737e-01 -2.692217355705359139e-01
9.437624044711351301e-02 -5.051097483740902838e-01 -1.095845943885042362e-01
4.282744182575037861e-02 -5.609449820955398902e-01 -2.346605723944957533e-01
1.224291469738547633e-02 -7.341633682179731224e-01 -2.180466676336175746e-01
2.348863836204046762e-01 -5.188602988692011531e-01 1.462333456430618336e-02
3.364951893557674989e-01 -2.370090232895491478e-02 1.332881635672134024e-01
-2.712416200897360685e-02 -5.391485830089198794e-01 -2.365318112635600989e-01
7.408680922575859862e-01 -6.174792224977058153e-01 -1.307699603731477811e-01
7.921120373162369166e-01 -3.936878392247561975e-01 -1.007292239731478051e-01
1.474585978609497805e-01 -5.940904477380221094e-01 -4.776889067160391272e-02
7.235205139620345394e-01 -9.881082783587653573e-01 -4.422115864132479257e-01
3.381154939723655106e-01 -8.535589240637964092e-01 -2.237965627083131348e-01
1.664822106736530416e-01 -5.626360727402369699e-01 -4.056074003844281628e-02
5.803794632651949614e-01 -8.499952983565578490e-01 -3.932749309043647168e-01
1.612395369983949667e-01 -2.526550682488458155e-01 -1.712962972436199438e-03
6.040143040210453895e-01 -8.351763297510756967e-01 -3.243614074668332847e-01
5.808357128602688046e-01 -5.556223893401280867e-01 -2.059571340934943651e-01
3.039828056488974584e-01 -4.034324244329242637e-01 -1.234348322316043967e-01
6.498090953062912734e-01 -8.022067351475130614e-01 -3.330220668917134308e-01
-4.107470009621791429e-01 -8.576100958285044484e-01 -3.524813543104077240e-01
3.898861568505803676e-01 -8.246114392234851209e-01 -3.514933611763617072e-01
2.915573131393827122e-01 -9.089207165145110068e-01 -3.264221336194996770e-01
2.331246745979812518e-01 -2.463009091292991948e-01 3.217815335510770813e-02
7.931871161160983785e-01 -1.389055508060990096e-01 1.423339856122267377e-01
1.506345419950412268e-01 -5.401362120945339962e-01 -1.072446493294726133e-01
8.227138044804297445e-01 -8.997540018408869411e-01 -4.114855543439953078e-01
1.477056556265623211e-01 -4.076184880016738843e-01 6.781476213431152089e-02
5.552747095651570930e-02 -9.646795093207731764e-01 -3.366124827450778234e-01
6.464505784323773541e-02 7.292054698923300382e-02 2.602850022845758504e-01
-7.612992596255652167e-02 -9.144649722447346640e-01 -3.273473873743639739e-01
2.632047181102167288e-01 -7.269156208232705474e-01 -2.758700762166146903e-01
-8.206309818764742081e-01 -3.692101879903872397e-01 3.003995536064944794e-03
3.317338321367988563e-01 -5.828716997153394752e-01 -1.555069452279353726e-01
6.241103851559641758e-01 -8.307127738494238800e-01 -1.986922649398742968e-01
2.654615750806110785e-02 -4.303373166635885427e-01 4.178026423008827928e-02
8.738088468771393336e-01 -7.174005608121124533e-01 -3.082463417605604827e-01
9.244888524999044233e-01 -9.794282619116041477e-01 -4.665315149484485224e-01
3.422537021684985414e-01 -6.345519055595655322e-02 2.315186370309494091e-01
-2.037064001821299597e-02 -8.619720028594276551e-01 -2.440829771003176218e-01
6.716966000110305979e-01 -9.790083537171582195e-01 -3.960271864682113341e-01
-1.128801245764314842e-01 -6.620391381475342341e-01 -2.795288451518245787e-01
7.860864119252244375e-01 -5.941415066219772889e-01 -2.016344679460698175e-01
8.021886086347065348e-01 -4.403287632851207167e-01 -4.440602479660556157e-02
6.715229455507121248e-02 -1.649939562471907095e-01 1.550296930041709931e-01
3.216166184868431976e-01 -6.958333680130372734e-02 1.790881018334678221e-01
4.685324464972143721e-01 -6.955511516560196617e-01 -2.290173025838323217e-01
4.136360131714093002e-01 -8.111667481633064725e-01 -2.163773011514382727e-01
4.178982431441740086e-01 -9.367826352909975895e-01 -3.907648343347113196e-01
-4.738556683720934748e-02 -6.432080078693052094e-01 -2.345256684668556302e-01
4.404469229431739463e-01 -9.607432341906675388e-01 -2.422647435072633471e-01
9.552889318824232534e-01 -6.288878176194433456e-01 -2.319885862062517068e-01
2.424935572654374205e-01 -3.213803808527143646e-01 1.574844022294297208e-04
1.007776722583004769e-01 -6.032119416136760837e-01 -1.382160699631851397e-01
6.089820387277941061e-01 -1.042761102240354620e-01 9.800488716511583653e-02
3.943183371430922790e-01 -7.735721147333666226e-01 -2.508844315916788914e-01
8.897349567427218497e-01 -6.368043885748875255e-01 -2.502315536137319496e-01
-5.052620189119052529e-01 -7.233120262958302460e-01 -2.368015341742163438e-01
7.624369385445182168e-01 -6.638286577953542711e-01 -2.599800377733714196e-01
9.151306029106848206e-01 -6.106298727219083844e-01 -2.324177050809422274e-01
6.237952616811199835e-01 -9.798153947016647880e-01 -3.272061462996729841e-01
-5.268520164142553863e-02 -4.763946484351764266e-01 -1.113674409764432438e-01
4.438228502221727156e-01 -7.044711964657781600e-01 -2.405459114657767794e-01
7.039983503864559733e-01 -1.879390085301954616e-01 1.863928627869613219e-01
6.001261634445987925e-01 -8.144264367539217897e-01 -2.468441135336297554e-01
-3.157581221775356273e-01 -4.850492303143654760e-01 -1.209186632397509231e-01
-1.310674946597951696e-01 -6.844071094073764794e-01 -2.043605928151927542e-01
3.135443931733007950e-01 -3.846563742739787517e-01 -2.961062766295879944e-02
-1.090423074253091679e-01 -7.028343300151969064e-01 -8.668322275950189615e-02
-2.559901456540235667e-02 -1.747187332144509997e-01 3.056913740972824756e-02
4.278730014271650006e-01 -8.366769735605232849e-01 -2.573077264995495828e-01
9.645728243520546030e-01 -5.700480287860580919e-01 -9.974293694350344630e-02
5.699229111956058413e-02 -4.072282353035154845e-01 -1.244705557188057615e-02
-2.581421695756153656e-01 -7.866420555789922497e-01 -1.320164075559629724e-01
-1.920763266270537062e-01 -5.737273110678819954e-01 -7.422778561942712516e-02
8.691865009568361389e-01 -8.656321741755159671e-01 -3.168264137185810014e-01
9.644613198627156603e-01 -9.604911563692369869e-01 -3.330262892109589479e-01
8.433173519241358163e-01 -4.607707823110335221e-01 -1.728905894180433334e-01
4.954539943411776504e-01 -6.180965052909103141e-01 -1.394025377871909166e-01
7.719822169126016043e-01 -3.176160910930968528e-01 -4.019352621726673958e-02
6.157454770108270470e-01 -9.631958023769207067e-01 -3.613335691036071440e-01
3.624780466492904529e-01 5.876822414101973147e-02 2.416259546770074540e-01
8.708331288643711421e-01 -2.903880707346434553e-01 3.943644173988583579e-02
5.981320063649252505e-01 -5.218292503390400405e-01 -2.013177560617511186e-01
-9.544711753267709486e-02 -8.790096120565721316e-01 -3.114653778483772451e-01
-1.286218469626621008e-03 -7.037984368902220345e-01 -2.281537501076666419e-01
6.797319966789316936e-01 -8.760675703395771619e-01 -2.855911077187836544e-01
2.174100540468908993e-01 -6.323204457806510526e-01 -1.634769594117343183e-01
-5.258089971211518665e-02 -6.126852540692713234e-01 -3.808256386893173195e-02
3.117685217894998195e-01 -6.722242835481992973e-01 -2.514770418913966354e-01
3.589327181703491076e-01 -9.641881908933204182e-01 -3.418830151507140647e-01
9.123551901824564769e-01 -8.297145352111384708e-01 -3.639510154272840303e-01
4.832187366017952623e-01 -7.001275935731017253e-01 -7.691717707239653645e-02
3.970491297975141665e-01 -9.259390953057561324e-01 -3.069438370145262107e-01
-1.057460971140725958e-01 -9.279160262861043673e-01 -3.930994432402520333e-01
1.129943814110236366e-01 -8.386598676122518636e-01 -3.108627436359416296e-01
6.138026740973799855e-01 -1.105040610864158612e-01 1.997824732617726473e-01
4.619757080668537297e-01 -7.940774423747889443e-01 -4.200322242807524309e-01
5.866083761481183378e-01 -8.695948821263610462e-01 -2.592323256129475118e-01
5.330972052412445983e-01 -7.430374453923205280e-01 -3.454299405413325808e-01
3.618874606828076934e-01 -2.887308790702757810e-01 2.713948475279853723e-02
5.299432445811390613e-01 -5.974667093627857861e-01 -1.829790092757588305e-01
5.825569840370530272e-01 -4.974642335202971166e-01 -1.069340180559616993e-01
7.027780433825356887e-01 -8.925192272239241831e-01 -3.895516319920124815e-01
7.478352366170099019e-01 -9.610304594326610772e-01 -4.736655496466056769e-01
2.011397640217316984e-01 -2.032218005868003385e-01 1.107421008283396291e-02
2.373202716573216686e-01 -4.142021039336722388e-01 -8.057173447649443321e-02
-3.731926874797503735e-01 -7.302801279471301532e-01 -1.162839875446599752e-01
6.593139779097336728e-01 -7.141769923194198899e-01 -3.781160937072406414e-01
-7.477695620614354111e-01 -3.301592238278107105e-01 -3.786881544250031428e-02
4.262936337084213823e-01 -2.860237973946194168e-01 5.141106932735910184e-02
5.951872732276891620e-01 -8.496558770540023620e-01 -2.705432688802323349e-01
7.215564999336701035e-01 -7.509581760658579075e-01 -2.623638622489832262e-01
9.284265537131697332e-01 -5.702862456379940159e-01 -6.077667083213814103e-02
2.259914427335063536e-01 -4.616142950795770195e-01 -1.208131530350983612e-01
2.891647205575813562e-01 -7.198270855819917102e-01 -2.128038641249113683e-01
-1.013192751830301053e-01 -8.170909700632639217e-01 -4.282228481734327019e-01
-1.759468079151771391e-01 -9.514683490559805445e-01 -3.487013962987869919e-01
6.915208727954115231e-01 -7.296898520803370980e-01 -1.999074320844217434e-01
1.828669548394785682e-01 -8.358448701237649603e-01 -2.708474695672978827e-01
8.069405035311353336e-01 -7.822456110090713066e-01 -2.810109998038333168e-01
4.768093217283236318e-01 -5.227216152458689091e-01 -1.465886572084897643e-01
3.359860060081565902e-01 -7.348269922191539294e-01 -1.852514752699321865e-01
8.352156287819194613e-01 -6.059535406200551311e-01 -2.587557676706604415e-01
1.717211325781589082e-01 -5.313157529545680102e-01 -5.933925480408983044e-02
-2.320212860175928649e-01 -6.016028890991618194e-01 -1.611200632387975729e-01
8.050552063290929983e-01 -3.451729464440210227e-01 7.272363220874683565e-03
5.760597668255840187e-02 -5.708893704933586388e-01 -1.150798602399742687e-01
5.586977109403303832e-01 -7.858495480525811150e-01 -2.417010368913117824e-01
8.248123169204446548e-01 -9.644220254743847143e-01 -4.158573484314050939e-01
2.052453579917226656e-01 -9.421525021148079437e-01 -3.292052925684447739e-01
4.087290504901981425e-01 -8.980488339341352599e-01 -3.626313468396026862e-01
7.411790319355983092e-01 -7.169166514093940901e-01 -2.574363502041484564e-01
4.477592390444182779e-01 -8.338411628935131770e-01 -4.739970115690657626e-01
-5.990729194729044194e-01 -6.773802712169254558e-01 -2.283098757348172025e-01
8.381139513648977468e-01 -9.335211828058087580e-01 -2.571017914912590019e-01
8.249976491346382446e-01 -2.631828373985734548e-01 3.079238274524495611e-02
8.018570744656324800e-01 -2.171536164422865900e-03 2.120188452503971033e-01
2.236737411545461907e-01 -5.794394082743024033e-01 -2.241785114339950313e-02
8.141162668682188075e-01 -7.427489621293364985e-01 -1.812197043044402600e-01
-3.685600137898066286e-01 -6.190288366894833860e-01 -1.977570042142353379e-01
8.391987942187505434e-01 -6.928760997353053952e-01 -3.192695080018159715e-01
3.440051453114627567e-01 -6.734784099466754048e-01 -2.765607329380068147e-01
9.878062011089909777e-01 -5.540934822011586158e-01 -1.357893798608080793e-01
7.191124972063061005e-01 -7.044726797419222919e-01 -1.924326887746892478e-01
8.929736817107714053e-02 -4.795065661093688147e-01 -6.502669476166841878e-02
1.098929557940793722e-01 3.625516267526354697e-02 2.714968942157045539e-01
9.589562937148851107e-01 -4.109115082825560705e-01 -9.953535807033170313e-02
1.826411768560914917e-01 -4.475263893471333465e-01 -1.035911465216647620e-01
8.403570983464163646e-01 -2.095784972646475008e-01 1.134872136807595078e-01
9.217748354341043227e-01 -7.030363769978766886e-01 -2.786569138863537187e-01
2.015866087987428223e-01 -2.933201977124747506e-01 2.707724141475336549e-02
-4.034842622294561032e-01 -6.903973940629314354e-01 -1.788099043324326287e-01
-7.897944833216169469e-02 -5.951565628165427224e-01 -2.113694965763893707e-01
7.560348887660439665e-01 -9.961677350413618015e-01 -3.933580872132428352e-01
-1.453657034369459089e-01 -9.407260194532739150e-02 2.104184496002086124e-01
5.545062884336458831e-02 -6.635340677436099011e-01 -2.971694721562043728e-01
6.241382833163768851e-01 -9.631356829403011632e-01 -4.188189055423673368e-01
7.332374806516116506e-01 -6.141792126278484698e-01 -2.647575907422317076e-01
-1.391850475778994012e-02 -4.952685446874026676e-01 3.400299068643634903e-02
4.028942596578085067e-01 -9.196595603638327843e-01 -3.572633367757466760e-01
7.858844950274403995e-01 -6.657323560671426499e-01 -2.535614273107203998e-01
7.316099136791253121e-01 -6.684419971070697519e-01 -2.399555269371742294e-01
6.004726708801731982e-01 -9.672785648342152598e-01 -4.100570259258540795e-01
1.151214166150074311e-02 -8.175085594145113932e-01 -2.898461933820295489e-01
8.150625936457360776e-01 -7.452311406668115090e-01 -2.475327229367153548e-01
-2.019124297163235604e-01 -3.898073533162873527e-01 -3.603218919205913168e-02
5.300537351999284885e-01 -2.342374503996158541e-01 7.032078233612953921e-02
3.953411228133879574e-01 -8.403066583260976330e-02 5.092717663310915299e-02
3.912886086728496471e-01 -9.064258631962749391e-01 -4.496463571282700022e-01
4.233637839177281648e-01 -9.023773114307476195e-01 -2.939798335115486605e-01
1.992632083239986029e-01 -6.185465970033966476e-01 -8.313732588326985806e-02
8.101865358191920885e-01 -7.926260360356524037e-01 -3.319023358868842810e-01
-4.107586237580264643e-01 -7.505376688505907001e-01 -1.569711236166553836e-01
6.333911114743087101e-01 -3.749734651351089298e-01 -2.670781566150555453e-02
6.847431337534240492e-02 -6.389615933680545812e-01 -1.099476857528677298e-01
2.116761051850024888e-01 -5.293860321516841161e-01 -1.096972774879664547e-01
2.401274649364313341e-01 -8.299453148455272489e-01 -3.064805970336408336e-01
4.529930538471420576e-01 -4.609947529818518852e-01 -1.896307568591561465e-01
8.245022024750847667e-01 -5.916298648380877712e-01 -1.444526065386845248e-01
-5.793364994791661005e-02 -9.872138600163649080e-01 -3.821704775853598246e-01
4.446378949369428346e-01 -9.220044731533593163e-01 -3.567066932990090034e-01
-3.819349651598591411e-02 -3.731694472031293897e-01 6.205381256186248695e-03
-2.281091521291995217e-01 -6.382838897960941837e-01 -1.293959503821203727e-01
5.400786039229703572e-01 -6.018569632226228316e-01 -1.388191520845033500e-02
7.128663172365501399e-01 -5.080004940660044488e-01 -2.656904407808269308e-02
6.840880261896147285e-01 -4.602143076613705586e-01 -8.870621383757038014e-02
7.108459953706762757e-01 -6.958773762231365012e-01 -2.475446093832971983e-01
8.629819226152481981e-01 -8.247374734988603961e-01 -3.940701493434003999e-01
4.009157421718884118e-01 -9.708504990198829621e-01 -5.182311187423032095e-01
7.949298682887813161e-01 -6.974804773353555643e-01 -3.366819925176358086e-01
2.813080577377053970e-01 -6.510238501108752684e-01 -3.090153530311444685e-01
7.928662531646915035e-01 -4.729532372796393935e-01 -1.234997432848734533e-01
4.500038438515526207e-01 -2.685831750822477715e-01 2.383921680932640785e-02
4.539491130790318518e-01 -6.373750225392986746e-01 -1.668027656588284835e-01
1.507932179870344891e-01 -7.899747766775780944e-01 -2.826435050860047760e-01
8.689102048714315574e-01 -8.719686191740928516e-01 -3.766449099974623627e-01
6.618832815903414879e-01 -9.006845647860789450e-01 -2.921258476762920719e-01
7.039951075848155382e-01 -7.603951176341249285e-01 -2.438351523676829946e-01
8.873561693536011763e-01 -5.749954821682540240e-01 -1.961530077272916617e-01
7.603819864620267044e-01 -3.554677499017344644e-01 -3.193782504838223180e-02
2.691690186756164338e-01 -1.504114546212003967e-01 2.065721300603848287e-01
5.662999098028385081e-01 -5.996191281049211286e-01 -1.897671377656442171e-01
1.480799594003265329e-01 -7.859993701194559756e-01 -2.546449634152070929e-01
8.254594340349726833e-01 -4.886213258687961414e-01 -7.612898912603231760e-02
2.489683118551841712e-01 -7.863459660851253030e-01 -2.913456426468867266e-01
6.044862642708941358e-01 -5.801444310060330789e-01 -2.121669693267477508e-01
8.485951010303747211e-01 -9.221295117916027406e-01 -4.068975112669341310e-01
9.010576399923792001e-01 -3.283717918179509532e-01 -3.046878923748044810e-02
3.402335103911727221e-01 -9.590385942892051263e-01 -4.182432667975700125e-01
1.469560732928700264e-01 -7.166743188314034230e-01 -1.709010066730716759e-01
-7.336521721360232950e-01 -7.321889169081552406e-01 -1.973309461024082001e-01
4.042054221976659756e-01 -9.801799507632212860e-01 -4.372865160672182450e-01
3.422563835185959968e-01 -9.791707542054057800e-01 -4.278665294132152352e-01
3.168047832424447097e-01 -9.167747014666697281e-01 -2.446180039346575463e-01
-7.232302662891093581e-02 -6.248060741102936522e-01 -2.513237445283182936e-01
9.456385368023110249e-01 -9.473824397236284556e-01 -3.505311825933213332e-01
7.799678013534705467e-01 -4.438872080038879231e-01 -6.870780267797457763e-02
6.900539261661096102e-01 -4.315680137203011801e-01 -1.359270090767597250e-01
1.684281928513857163e-01 -5.149361409160160274e-01 -5.375960859829896632e-02
9.320923681067382338e-01 -5.500510968028002878e-01 -2.053457314242878029e-01
-7.006405709168355145e-01 -9.282514527725538311e-01 -3.869266872817912484e-01
-2.701700332665316617e-01 -9.616451019834639791e-01 -3.697240668752883597e-01
9.775296292842469703e-02 -9.751102485217095772e-01 -3.854391846772554087e-01
1.781032433513846103e-01 -9.745236928589260383e-01 -4.455460848105700644e-01
9.896864262565132631e-01 -8.246038172147485135e-01 -3.623115588129250386e-01
4.580320450418925438e-01 -4.653317892356111374e-01 -2.436541281619770960e-02
1.261529260362181937e-02 -8.261090081467552526e-01 -3.911373859101684447e-01
3.547535317431774748e-01 -9.678828458412513935e-01 -3.260600334612314688e-01
3.455104891198977901e-01 -3.897355902530690308e-01 -1.588459389921983433e-01
9.311281558221594645e-01 -9.378377470622996093e-01 -4.623811279908121019e-01
5.282676780326925892e-01 -7.596449345345662740e-01 -2.952504263935606943e-01
-2.684559683791271079e-01 -8.877375729735816901e-01 -2.916215017793394870e-01
2.081236430627967371e-01 -8.074025095222476800e-01 -2.746397472754376068e-01
4.262798442989594316e-01 -8.911610387606138106e-01 -3.097080233092092127e-01
-4.130845531306400753e-01 -4.054906131537639458e-01 -7.020327053731262312e-03
3.189498039361379211e-01 -8.362951915458640695e-01 -2.682473737957590254e-01
4.847306270172079268e-01 -4.985195773008104791e-01 -8.681474894424852373e-02
7.809661832731340514e-01 -6.687060818510630611e-01 -2.147643857127138345e-01
5.156242632504152157e-01 -9.336110933065642215e-01 -3.749426627760684694e-01
-4.114406146908326511e-01 -6.224771512028226539e-01 -2.866851484805046923e-01
8.401192621604074429e-01 -7.109227907238480082e-01 -2.477133624881527885e-01
3.236103426656533610e-03 -9.387626724607422979e-01 -3.439636985893733123e-01
8.588887362583037532e-01 -9.668698812648128804e-01 -3.719598758364566216e-01
3.069731874102286096e-01 -5.707395482429077349e-01 -1.848783734553248737e-01
1.658039455538284079e-01 -3.950979558239514078e-01 -7.163758933102508386e-02
5.097157156976780956e-02 -5.650386628496744112e-01 -1.267947782716562499e-01
3.632391613525875473e-01 -9.249930120522675825e-01 -4.113959417274305475e-01
-5.211339587438840182e-01 -8.104517710413474685e-01 -2.595256282833839911e-01
1.077903647863825976e-01 -8.921700689953867558e-01 -3.147745594702121563e-01
1.295350461163147227e-01 -9.303137851819969217e-01 -4.039724149002762998e-01
4.310453491096282175e-01 -7.931215040868487831e-01 -2.216225470920974439e-01
9.303547029447306604e-01 -2.773162031135325556e-01 -6.668089758615391299e-03
6.815137526948229496e-01 -5.067946118161020808e-01 -1.667214398722144109e-01
6.202777433074435631e-01 -4.859127261189526426e-01 -1.665432816590395326e-01
-3.571845948709138074e-01 -8.622144838070353590e-01 -2.926434646242935811e-01
-1.436307484593715711e-01 -7.926702545782228215e-01 -3.062711896573734882e-01
-9.145673845820906367e-01 -8.368584675142822782e-01 -3.789621180742688278e-01
5.348354823110492706e-01 -8.376056563467557670e-01 -3.948969872458754082e-01
7.771495803080221698e-01 -5.281084153455611885e-01 -1.495194464556852676e-01
8.111409641708999807e-01 -7.797081081048889972e-01 -2.671053296096680962e-01
5.618159520888896807e-01 -3.507405458330085657e-01 -2.399958547383937435e-02
-4.208746986875244733e-01 -5.542862454605130829e-01 -1.186602888769000275e-01
6.833741946613711704e-01 -6.884570419511164552e-01 -1.711585657701911733e-01
9.360898655037321880e-01 -7.248753318303059467e-01 -3.343924328306009386e-01
6.783405347406143981e-01 -9.408099606914932522e-01 -3.585292938345026048e-01
2.897454090355592871e-01 -9.321111967172550639e-01 -4.430754996416950142e-01
6.343498145858023074e-01 -5.318676024382950063e-01 -9.863994362470215882e-02
9.699624678299221259e-01 -5.412540137558402575e-01 -2.162529429236752510e-01
-2.554999103814111772e-01 -2.052971766197213555e-01 5.232181348171641155e-02
5.129814377521623170e-01 -4.853741522346702864e-01 -9.773507327239452924e-02
4.977492387940490870e-02 -6.946950124263004955e-01 -2.757273331675617056e-01
-2.025987417105026278e-01 -8.251416906564088549e-01 -2.776072540256275256e-01
-6.939827735935408248e-02 -2.661613103518145618e-01 7.822178933889496755e-02
6.214433100100833496e-01 -6.250029951313359478e-01 -1.459031722117769270e-01
3.840647777289741271e-01 -9.721170057396275599e-01 -4.194740318125347867e-01
4.498263907063275724e-01 -6.917397758095504834e-01 -2.493111698411648314e-01
6.458071111350559557e-01 -3.463493265173751001e-01 4.929147475161346770e-02
9.565695419186506232e-01 -7.441147992338164041e-01 -3.435716096279781140e-01
8.369547378369822654e-01 -4.242184562902532319e-01 -6.991968232998867216e-02
-2.387332273481714007e-01 -7.435367294073282896e-01 -1.557130754917370186e-01
8.999430723686765443e-01 -7.730665074098029832e-01 -2.505458918496523135e-01
6.695239811023424581e-01 -6.623857704623636877e-01 -1.270583279096801910e-01
2.289389144127679243e-02 -9.391221945432094431e-01 -3.581553263929458941e-01
8.304785114847067495e-01 -9.651312708236541305e-01 -4.286483210272427069e-01
7.825009511542085905e-02 -6.126817326254907492e-01 -3.194395062284149933e-02
4.611121163044391569e-01 -8.769075820416208922e-01 -3.762459319522922785e-01
4.153683905393118492e-01 -9.405563125959449655e-01 -3.353133198359243283e-01
9.838726315761110452e-01 -5.626807749012835425e-01 -1.544384723077267541e-01
1.710487226073134082e-01 -9.338676105704466490e-01 -3.895201811673267844e-01
5.863376688715605800e-01 -9.567842035729270389e-01 -3.551934532848761705e-01
1.321788581702287857e-01 -9.737644560173740471e-01 -3.553662467398814861e-01
6.377078692888145106e-01 -8.059048669692402411e-01 -3.030420659417558671e-01
6.415842306633346981e-01 -3.886599885562882495e-01 -1.420549171074939054e-02
9.358382324235533511e-01 -5.573902279982339003e-01 -2.458044922992385084e-01
4.090127728743262470e-01 -7.936418067691812794e-01 -2.237510290015918002e-01
-3.421262588130619120e-02 -6.877736203746940280e-01 -2.241298502348340882e-01
-5.268334467372592922e-02 -9.487995587920103890e-01 -3.914545846081869396e-01
1.434962592948202387e-01 -6.582904664923967530e-01 -9.716253262273380487e-02
3.695365293165286946e-01 -9.904297888673081474e-01 -3.190719155343105240e-01
8.156476023368559591e-01 -6.347678494504180868e-01 -1.707653904171738679e-01
-8.288851446372941245e-02 -4.928532449154869877e-01 -7.486596695179964511e-02
8.683037154675294911e-01 -9.560234049792462052e-01 -5.544675533060738903e-01
1.788029750720943611e-01 -5.356100126217733237e-01 -2.310235877764835188e-01
3.478787859156521334e-01 -6.797855792744162962e-01 -7.787085408759421290e-02
9.024122021991890508e-01 -4.733350384389445886e-01 -5.422736358606639051e-02
6.078487028782164625e-01 -7.096500880344333018e-01 -1.824414809532680648e-01
1.951338696754972846e-01 -6.309513143538099111e-01 -2.344432348356099149e-01
3.920886685290105866e-01 -6.624023154078889641e-01 -9.819027945611516484e-02
-8.692041024909158420e-01 -5.152735964242705080e-01 -9.442940236674721155e-02
3.265935958199106537e-01 -7.872658541863599702e-01 -2.280920418278477857e-01
7.678578404418708869e-01 -8.589085849368414127e-01 -3.703055091524935505e-01
3.524297810112860807e-01 -8.995975592678647770e-01 -3.666236805735795246e-01
1.473971536460310927e-01 -5.644687438819300240e-01 -1.573140319264708098e-01
4.429638639238485109e-01 -7.833395153390640964e-01 -3.545368425364023302e-01
2.480645150727803505e-01 -6.116494657080072672e-01 -2.270800478891758512e-01
7.333368153749311169e-01 -5.190946575253442274e-01 -1.204278855007057669e-01
6.274019698228459063e-01 -2.795814212089712258e-01 -4.838578878408013317e-02
1.915900533761673297e-01 -4.875167699608434213e-01 -2.026067373179667730e-01
1.980537721543131902e-01 -2.636596434800126398e-01 2.281161274151621843e-02
9.865579754959918901e-02 -6.231634113627851912e-01 -7.437434849000107429e-02
2.719779666438678634e-01 -8.609336145337737056e-02 1.308012653313843088e-01
8.066286084660129196e-01 -2.909867324080063211e-01 1.988787762342950072e-02
5.347256515902854002e-01 -6.280868840293603039e-01 -2.386426519719350159e-01
7.436379541762494494e-01 -8.663338325770564285e-01 -2.286343082142302530e-01
3.421325092490225539e-01 -8.442426269075238299e-01 -4.538833232639641890e-01
4.662722286932197702e-01 -9.734741765583408979e-01 -4.537703954892236546e-01
2.139845727900578365e-01 -9.910338658819661806e-01 -3.682921656976368974e-01
8.475774000808262709e-01 -7.700617048208880933e-01 -2.639367808550496797e-01
-1.194588255606914284e-01 -9.267315693440519864e-01 -3.704086090495870565e-01
-8.034931527552549579e-02 -8.722203400377290805e-01 -3.949163306747576763e-01
3.997764929810405099e-01 -8.597986622419790947e-01 -4.011003483870916320e-01
-2.085909352636338698e-01 -8.204963492410116688e-01 -2.948798054835405358e-01
-4.382705386016383375e-02 -9.424958755870231908e-01 -3.567110259570117070e-01
9.536188682790563975e-01 -4.480087788410988536e-01 -1.790710541426673852e-01
6.410258438877597387e-01 -4.775767414054263860e-01 -2.481114601032038958e-01
3.639097605391958812e-01 -6.921829170014381916e-01 -1.849937974265611906e-01
5.942801335250950112e-01 -7.529948793502329041e-01 -3.640271456775847625e-01
-1.500158309832758663e-01 -6.856878509692840851e-01 -1.845221535168746763e-01
5.915570831518927042e-01 -8.094146527981658235e-01 -2.110650578276548894e-01
3.444650618501509665e-01 -9.094437691661579892e-01 -3.648610388622817169e-01
-1.758266165390676150e-02 -6.308934863920384606e-01 -2.398917909768223389e-01
4.195075927833366580e-01 -8.657230144616520073e-01 -2.973159816038273839e-01
3.529528896911477975e-01 -4.147092813282055590e-01 -5.325903971409065574e-02
-1.321744932117786542e-01 -8.256272934489610194e-01 -2.911832385935826384e-01
5.949468451421631165e-01 -9.393166974707906069e-01 -4.830513298576447623e-01
8.699782599136474115e-01 -6.833364879191554664e-01 -1.830602202467213335e-01
4.366568965698859883e-01 -2.053582433270887408e-01 6.573370948939991076e-02
-7.182363354228070706e-01 -9.167348270846173985e-01 -2.909725394338620319e-01
1.767969414505028702e-01 -5.866453696337589063e-01 -7.047374585347503106e-02
9.583070012117909098e-01 -8.986204884208321975e-01 -3.316140134524908079e-01
1.739694574759552692e-01 -2.322835831174536458e-01 1.397392822403771828e-01
3.007795505120418045e-01 -7.684142705459356959e-01 -2.280219082752631965e-01
5.540553819291613724e-01 -7.505085787548515519e-01 -1.828782889990291649e-01
2.083078847872638639e-01 -5.160565307200988272e-01 -7.796080181763191674e-02
2.256012481548197446e-01 -5.715569401264547489e-01 -1.214667967941695514e-01
6.645580237624311160e-01 -9.365304948232365811e-01 -3.928464253334533751e-01
7.172655417034038416e-01 -9.732808346589031379e-01 -3.777168163438485715e-01
-1.521538885336410352e-01 -9.374319432850100609e-02 1.847325186097936445e-01
5.749011569344109063e-02 -6.424050522048525558e-01 -1.718585949696087578e-01
6.205388506098569179e-01 -9.941611769681794053e-01 -4.276836462306258801e-01
-4.648598356586015612e-01 -8.442664650659672532e-01 -3.068320848197588213e-01
2.999648208631440771e-01 -8.481036441491417444e-01 -2.591340391045824920e-01
6.569891837270189772e-01 -3.896207088091068194e-01 6.582403795315465433e-02
4.681471910320329499e-01 -6.831789550777493947e-01 -2.439208755464573608e-01
3.436343793621312592e-01 -5.346058492140997043e-01 -1.638240234131720929e-01
8.579612293188684236e-01 -3.390050640146249350e-01 -4.519131117377658824e-02
6.706259702754892027e-01 -7.438327140902033507e-01 -2.908827912904897173e-01
9.401125767399092226e-01 -8.467355612233959938e-01 -3.766658614288687645e-01
3.947774764600310848e-01 -7.648957154972080286e-01 -2.615367250371150587e-01
1.748616365644563575e-01 -6.402251822352214017e-01 -2.530787141112084693e-01
8.225353383691421660e-01 -9.511328639319938105e-01 -2.905496675058958367e-01
2.886859675337718478e-01 -8.978498707188847794e-01 -3.040143336641134009e-01
8.672179306862166648e-01 -9.058006699701282027e-01 -3.514383729797583289e-01
5.591779074184725085e-01 -5.830690290575160084e-01 -2.525324859795142762e-01
-4.951882995514250707e-02 -8.401136677857250490e-01 -2.182579060560552453e-01
8.787130058177048397e-01 -6.957559821833284586e-01 -2.361616984222406901e-01
6.613789616581817743e-01 -8.650528667833311536e-01 -3.313160650938035134e-01
4.508385908191192559e-02 -7.085142826809793792e-01 -1.308966575045092118e-01
8.951353719271480935e-01 -7.778576352774092539e-01 -3.668235037032074874e-01
2.632499911928227188e-01 -7.164538326019308512e-01 -2.296373797971782427e-01
9.004627053817768623e-01 -1.602204984094661722e-01 9.410161927545396265e-02
2.078818055269467946e-01 -7.845569255623158211e-01 -2.174076601470775194e-01
6.920577817112487651e-01 -3.731653197425575108e-01 -3.502782642249010342e-02
2.144173843595711948e-01 -7.370830633919415176e-01 -3.266551794429895517e-01
6.553470464784403315e-01 -4.228664422122481170e-01 -9.303810250527004555e-02
6.907851622662173341e-01 -5.917029233636750263e-01 -1.262578350119190618e-01
3.162603907893243305e-01 -9.980186857430112246e-01 -4.017282188798427800e-01
6.991992920698781866e-01 -9.461560447056351908e-01 -3.451269616553541142e-01
6.890616283214767712e-01 -4.880107335142558900e-01 -7.285524866847262193e-02
-1.111771218235217407e-01 -4.435075609144255582e-01 -9.022768221334270811e-02
9.776205617260735892e-02 -7.849535460647305563e-01 -2.251897825219375260e-01
3.845257411977988093e-01 -5.235328682094499975e-01 -9.297893981788588058e-02
3.897570091515855095e-01 -2.654591044230243391e-01 1.257023293559283994e-03
7.357220671584276950e-01 -7.890123172379277516e-01 -3.948104591780598471e-01
9.521104678364753493e-01 -7.525922736400024737e-01 -1.925078384297024547e-01
3.822629577965729331e-01 -6.067749139766291933e-01 -6.068602836400652234e-02
2.248005867617259290e-01 -5.339682002504063663e-01 -1.194771806940582992e-01
6.899492182853272926e-01 -5.756984566912537460e-01 -1.460070652983506689e-01
8.686809591115535190e-01 -7.227556390567605460e-01 -1.509107965599401080e-01
-9.041050311873910506e-02 -4.096320058776011797e-01 -1.761220154459980369e-02
8.908645034573491328e-01 -5.329875499851945975e-01 -1.557678382664200722e-01
-9.834528969842484258e-01 -6.391617985375597222e-01 -1.877040667115689454e-01
9.531240369014178926e-01 -6.949132717736616893e-01 -1.779626103169388573e-01
3.634953783865513266e-01 -8.883238424700274916e-01 -4.238596430180239238e-01
9.371587512800177988e-01 -8.446114605849101009e-01 -2.833379912782763577e-01
6.577413281744040052e-01 -8.284644281992679105e-01 -2.029528171137801318e-01
7.640435553853676121e-01 -7.234121684990795220e-01 -2.762039716419191215e-01
6.948742163319624465e-01 -3.447351568553034817e-01 -1.041349885659057645e-01
8.575536332806664719e-01 -6.010453573734215738e-01 -1.854437271596965919e-01
2.734507616667720686e-01 -7.390451599039458142e-01 -2.524106758767613590e-01
-1.552483505381669349e-01 -6.868796696479074759e-01 -1.366921689322248556e-01
3.182601357503422879e-01 -5.919270922028057047e-01 -2.061640798044886702e-01
-6.661268411443422854e-01 -7.725510370064245791e-01 -2.026943924259622110e-01
6.589840843613818944e-01 -6.228664914871238079e-01 -2.715623952527360663e-01
2.612048796189989086e-01 -7.917211885351905787e-01 -2.268738518550221794e-01
1.503301922493235909e-01 -5.870755553505641045e-01 -3.024627697874592847e-01
6.482804738309257964e-01 -9.217880013879831136e-01 -2.313075871057435895e-01
7.970786868912344003e-01 -9.392842276050413775e-01 -4.869942321879177083e-01
3.177075102140006768e-01 -5.070162685476357067e-01 -1.475991096256747959e-01
1.329884652458112326e-01 -4.769043791699312251e-01 -1.709277270964523754e-02
9.115458695953838619e-01 -4.992612281741969360e-01 -1.369969641772033342e-01
7.700038895918425164e-01 -3.408839491391381094e-01 3.769485613952534842e-02
6.753937127053142309e-01 -8.709995653532234261e-01 -3.646436583723359215e-01
-6.730089810700553565e-01 -7.702977859274082739e-01 -2.822652706479840123e-01
4.350912311514802400e-01 -7.246762935845442177e-01 -2.010853079853800185e-01
2.095621651588058798e-01 -5.831754610472373868e-01 -2.387710423863547704e-01
6.843529114906649058e-02 -6.958215086798257287e-01 -2.521520400308699950e-01
-1.910653267544148992e-02 -9.166295483714147485e-01 -3.545331088300624489e-01
5.779091956291469989e-01 -3.741095994385478796e-01 9.732437080804137719e-02
5.210307347218789964e-01 -7.630460319020920812e-01 -2.638042193013233616e-01
4.564286733480387714e-01 -6.225063147408343989e-01 -1.250388464807961064e-01
-2.716894162364172916e-01 -6.708797773878212301e-01 -1.287397637782674575e-01
8.384530037811220859e-01 -2.353475323424372712e-01 1.615712494082661987e-03
-3.294051837282302442e-01 -5.104802973231865604e-01 -5.804384698172844470e-02
6.253894603825197462e-01 -4.442902509081010365e-01 -6.264972187852907437e-02
8.375295311704973322e-01 -5.609242695223903841e-01 -1.903194583535235962e-01
6.751403549064283194e-01 -9.359298684417426406e-01 -3.663268074468158941e-01
8.155091179975525462e-01 -7.180679519645023490e-01 -3.341693104353205546e-01
1.736225414948288637e-01 -5.294314247299087839e-01 -5.171777978048652802e-02
3.991278679494708048e-01 -8.846144245702559639e-01 -3.569616056645484314e-01
6.703862285659101250e-01 -7.881018589077091185e-01 -3.019952785988389565e-01
1.202042455724854353e-01 -4.713440672160729150e-01 -3.660718355122018208e-02
8.487418340598551492e-01 -3.775442480257740208e-04 2.178977792460892737e-01
5.958948031924297117e-01 -7.419794211500466696e-01 -1.998933029527721061e-01
8.160769245530643534e-01 -7.080720422349504606e-01 -2.891922937081145006e-01
9.242268429126372642e-02 -8.284026105055839473e-01 -2.218230603870359197e-01
-3.791622832281140165e-01 -9.004334541663367997e-01 -3.299986994789229633e-01
2.966322403148008435e-01 -6.178082861342021337e-01 -2.050682401742042194e-01
8.112433853614459123e-01 -6.497490716856728632e-01 -2.520921801692702635e-01
5.952443527054381844e-01 -2.654095618505535326e-01 3.522337278473451627e-02
4.114058117522719771e-01 -4.260602852019254039e-01 -2.182912247144984386e-01
-3.737993934940789242e-01 -7.452834538884314242e-01 -2.663202504133725945e-01
5.936334337608368816e-01 -8.926414541841720673e-01 -2.902448559936579020e-01
9.146973356151080203e-01 -8.730180899360243663e-01 -3.508861358484300919e-01
6.321908561072182575e-01 -9.864993180097908487e-01 -3.590001151914000710e-01
1.853930621513177890e-01 -8.905429708943722877e-01 -4.116341726748596330e-01
9.086466973357059107e-01 -6.795282525622989844e-01 -1.462607370298554255e-01
7.129494786532892814e-01 -6.376807919030805794e-01 -2.233672686368458060e-01
3.072128962762241122e-01 -9.110414067208214561e-01 -3.008771535776085804e-01
1.677206976005591321e-01 -7.065817706151481525e-01 -2.932763549714171303e-01
3.133283526675236796e-01 -7.229599423434239780e-01 -3.035621094213321047e-01
3.609060679188503817e-01 -8.334614331552461231e-01 -2.438659465892330791e-01
3.556204010998964549e-01 -4.248159640929252689e-02 1.171612949987221458e-01
-3.839169963984878642e-01 -5.063709701936018881e-01 -1.282648898582251784e-01
-4.011491032718814131e-01 -3.231717951342208961e-01 -1.621687172230988072e-01
3.977568314201264110e-01 -4.092563913412795018e-01 -1.653014379788811938e-01
5.266042008207953984e-01 -3.836230756489917293e-01 -9.955437818369916592e-02
1.687184682380062362e-01 -9.805047469868120036e-01 -5.103880339234458940e-01
7.347614449971723305e-02 -9.870708469607734070e-01 -3.823479446704189932e-01
5.959058813780429009e-01 -8.781507469287348489e-01 -2.949188347806905863e-01
5.181362858122648962e-01 -3.056488853050995935e-01 -9.624394493750826340e-03
9.511502016398407644e-01 -8.349143458985727184e-01 -3.188638177616713310e-01
3.671373917303515366e-01 -6.686287304836167067e-01 -2.853610878864771827e-01
-3.137276472256414483e-02 -3.917331596468260346e-01 -1.242593703079741679e-01
8.179300530197280983e-01 -6.465174927729038235e-01 -2.719893279178902112e-01
3.382918101731638982e-01 -7.679452643986279803e-01 -2.597009494946246333e-01
-1.253550276270387620e-02 -9.381959529551255894e-01 -3.577494988759029604e-01
6.319977542242042334e-01 -5.411881823918901491e-01 -1.836760903288065794e-01
6.882602692136521316e-01 -9.759848803091135672e-01 -4.520771845264757172e-01
9.087406832795352774e-01 -8.408615473524637673e-01 -2.767803848800954869e-01
5.604313835174965508e-01 -7.755621630897746588e-01 -2.737521329064412368e-01
-8.996246565953242014e-02 -8.380590017291814631e-01 -1.978187340367794922e-01
4.545231233268048898e-01 -6.520768352423260694e-01 -2.256745255196716815e-01
9.106341290478870976e-01 -9.842594139942035802e-01 -4.786429258107828821e-01
8.586261006787156980e-01 -3.623924570451116933e-01 -1.227827688564529229e-01
7.673585817136834297e-01 -9.511957707550788843e-01 -3.831547566065297561e-01
8.079518477379605823e-01 -8.549506444118161186e-01 -2.128876247526657606e-01
5.079146368757545549e-01 -3.718279528543896317e-01 -1.126872048130803938e-01
1.262896152271927586e-01 -2.998980093443336936e-01 2.966228633739792508e-02
8.119373891074372906e-01 -8.425288478378099022e-01 -3.992798110562594260e-01
-3.640359406162262390e-01 -9.226755311703107587e-01 -2.847574087295077216e-01
