-1.238920459221724141e-02
-9.858749500559221834e-02
-2.885288026760983726e-01
-4.595461727336405122e-01
-5.526539788629994954e-01
-6.872730952876743293e-01
-8.186275438380306024e-01
-9.266739634769809442e-01
-1.032727871983152301e+00
-1.053263929920675412e+00
-8.940222027068790434e-01
3.605131279593774829e-02
-4.699941455273119739e-02
-2.039757643169677614e-01
-2.548759271603333043e-01
-3.198865964741044454e-01
-4.173884651307943061e-01
-6.012686477902098314e-01
-7.247917725152054347e-01
-7.879354052580814782e-01
-8.892911004156621724e-01
-9.479086497119729726e-01
-9.664521769708002141e-01
-9.025025557398195231e-01
-3.782474524884868461e-02
9.047834540836104458e-03
-3.787213424838025561e-02
-1.658467563125748112e-01
-3.013551072015582810e-01
-4.607872206820795014e-01
-5.252594901203172517e-01
-6.320433203838539127e-01
-7.521346704442070097e-01
-8.393731800710571012e-01
-8.505761399195675976e-01
-6.597139244574956596e-01
-2.557869345179037204e-02
-1.589752271150031773e-02
-3.957089836320345361e-02
-7.001980226790208151e-02
-1.377807594436548932e-01
-2.178221746616560706e-01
-3.463416227111750234e-01
-4.615953295925213085e-01
-6.006413992737489327e-01
-7.302708450796044914e-01
-8.399026527923357799e-01
-8.861121291972839931e-01
-8.549278641271221835e-01
-3.522460287557316327e-03
-6.491347462013285011e-03
-6.823510126004501963e-02
-1.786652065663184574e-01
-3.649532985522134232e-01
-4.957723081090793515e-01
-6.277834830991515513e-01
-6.649335353943367499e-01
-7.048404166690728223e-01
-7.328930731471419158e-01
-6.280956206175521972e-01
-8.185404541324217687e-02
2.666139480103707493e-02
-1.346731901899152553e-02
-6.260554831810216658e-02
-1.862630537295615896e-01
-3.150647704037990993e-01
-4.659160033058297734e-01
-6.368742124042077180e-01
-7.386442884354191829e-01
-8.320551590983807921e-01
-9.024052677086891183e-01
-9.564981857651415620e-01
-9.800795000246773636e-01
-9.431203490290920310e-01
-1.115120420383562683e-01
-3.046748260804724856e-02
1.481501340721961928e-02
1.016930046142944244e-02
-9.907981260002845375e-03
-9.131688230180046162e-02
-2.244039928568397346e-01
-3.829359909559707509e-01
-4.413149610301719261e-01
-5.381809520205401709e-01
-7.149312887310510511e-01
-9.014210661980007755e-01
-1.070393480137956876e+00
-1.185803644374988863e+00
-1.241892464696047638e+00
-1.264713527741896604e+00
-1.132818163836462055e+00
-2.195850052652368808e-02
-3.003200940900533147e-02
-2.332214551081761636e-02
6.470163283178388680e-02
2.282496602426669907e-01
4.368362461785412765e-01
