2.277804243935312167e-02
-2.516523026860452428e-02
-2.405277763657199391e-02
4.287807814759786451e-02
-3.106744108717682251e-02
-9.315381300006474186e-02
-1.114206689496299307e-01
4.173722777532151706e-02
1.100996189539553971e-01
2.925500060129062468e-02
-4.895423732262775551e-02
-9.065671461133999187e-02
-4.413607660416322964e-02
-1.674960686955658321e-02
-4.899767197309376487e-04
3.903487906034026206e-03
-2.878105565593243667e-02
-3.744658366325725324e-02
-4.815176526775975796e-02
-4.066942033622999997e-02
-6.377760302065865750e-02
1.011194811699116930e-02
2.924095333070841213e-02
7.634295514491391474e-03
-2.274036160512233479e-02
-5.114351617169166780e-02
-6.450436351215506348e-02
-5.081595269708602536e-02
-8.524319317904430898e-03
-5.336070679385986754e-02
8.782586792235903828e-03
4.876581023033989964e-02
-1.544446966665063634e-03
-1.325286144432867019e-01
-1.401362401214109599e-01
-1.013673872614181404e-01
4.186817757542083546e-03
3.976015778282412233e-02
1.380709338711132682e-02
-4.512236499309810189e-02
-9.384555216518243592e-02
-5.530107977873985337e-02
4.047881026208613453e-02
4.906098585866455752e-02
-4.201072543607706211e-02
-9.781300250408506147e-02
-7.765129400710299445e-02
5.865766196284257633e-03
-3.137307526797709217e-02
-6.526974710893714005e-02
-5.138372561864551491e-02
-1.219362953549095047e-01
-1.255599601718216385e-01
-2.449413117009885399e-02
4.704283418336253214e-02
4.610986502574175583e-02
-5.700889765670082154e-02
-5.836839282709634091e-02
-8.590444362393101496e-02
-1.066979458559931815e-01
-9.585068658223963589e-02
-5.991694956289273649e-02
-2.733989141301195608e-03
2.039201731252127461e-02
-2.139928113788039377e-02
-7.353621652527167485e-02
-4.218942737418712730e-02
-1.373938954161885509e-02
-3.587441281613453631e-02
-5.616731556463007424e-02
-1.520981099890209715e-02
-1.914828052192235272e-02
-3.278487753141129390e-03
-4.292032185373749475e-02
-7.225295633919816274e-02
-1.241469113165013793e-01
-1.760360771563743848e-02
5.718880956588170972e-02
3.506936123139373085e-02
-7.918677221764165719e-02
-6.171205067014235573e-02
8.006764944094101055e-03
2.932114919804616054e-02
-4.706028887504683234e-02
-1.014017192187946365e-01
-7.615931154778339540e-02
-4.412077148538781635e-02
-3.432296762134812163e-02
-5.737832654895007323e-02
-1.145168608059488058e-02
4.960222061700429730e-02
1.546169225763967259e-02
-5.720925641917327942e-02
-3.585482387094662826e-02
-1.405592516074227923e-02
1.437576535560226854e-02
-2.709184359689215116e-02
