-7.284230716694302041e-03
1.689619799629125604e-02
1.023382853038828401e-02
-6.662465093023907381e-03
6.703489128738186753e-03
-1.891330448504167927e-03
3.118017396281508313e-03
5.818726072975701630e-03
4.454372564007273022e-03
1.168031545275517724e-02
-1.866428577711951031e-04
1.938598721452523127e-02
-1.393701611475714475e-03
4.756790424143161888e-03
1.178939483600242866e-02
-2.364091564292084002e-03
4.096259390794471100e-03
-1.082897808246816029e-03
-1.306668192640420001e-02
-1.611787952508658694e-03
5.795513380549399685e-03
-3.813999310738919180e-03
1.491070780702476173e-02
-1.123854146034419799e-02
-1.990456792287362275e-03
1.451808843261495618e-02
1.118644414997294056e-02
9.036341919590795690e-03
-9.228822043177903334e-03
7.043006170134799571e-03
-1.046422967091395484e-02
-5.590242188785163324e-03
-7.610668099394188313e-03
6.707017468819950756e-03
9.122085424727796599e-03
3.620200461811426407e-03
1.246251231541581350e-03
-1.066117332921320826e-02
-1.652132858663114823e-02
-4.880525523599674176e-03
-4.076296866703618682e-03
1.204701023111387492e-02
2.139180365781524762e-02
1.077816653963607763e-02
-1.390429285963626360e-02
1.810307685947885881e-02
-2.065267467865970763e-02
-6.582494952053208337e-03
-4.714625319337750753e-03
1.585678746266515338e-02
-8.891918435858667258e-03
-1.251637471538843971e-02
-1.254363795099924794e-03
-3.853078596051509597e-03
8.741611583537547969e-03
-7.551780199464147580e-03
-1.031965946046305149e-02
-4.274374040943502984e-03
-6.745486409163288510e-03
1.248028129466551006e-02
3.744920764962002269e-03
-7.391805357064414050e-03
-1.085622284013441213e-02
3.128912074230119633e-03
-1.380430278055894827e-02
-2.657882478398026355e-03
-4.678095771293657584e-03
6.201423543159903518e-04
6.756963020145868859e-03
1.381157966055424069e-03
9.324929721417921091e-03
-9.976643094974931014e-03
-1.412664186630614716e-03
-2.681271933753850978e-03
-7.993859890936691470e-03
-5.982635669368883274e-03
-3.180465626025443665e-03
2.898167633993732617e-04
-8.471603454056304133e-03
2.133262898044999828e-03
1.255857197049514706e-03
-1.569565018077467497e-02
1.118360383112322783e-02
3.557904728399444681e-03
5.807857344467928611e-03
-1.223843810904999899e-03
-8.393668999595361307e-03
8.920433129508147443e-03
-4.143875816812810087e-03
8.903611662823007061e-03
1.324233728999046206e-03
6.607459744516906014e-03
2.564597509559566474e-03
4.879460485280970317e-03
-2.984818078097251082e-05
1.312550025442196094e-02
1.190241615407573728e-03
3.291631387619453619e-03
